0,1,2,3,4,5,6,7,8,9,10,11,12,13,14,15,16,17,18,19,20,21,22,23,24,25,26,27,28,29,30,31,32,33,34,35,36,37,38,39,40,41,42,43,44,45,46,47,48,49,50,51,52,53,54,55,56,57,58,59,60,61,62,63,64,65,66,67,68,69,70,71,72,73,74,75,76,77,78,79,80,81,82,83,84,85,86,87,88,89,90,91,92,93,94,95,96,97,98,99,100,101,102,103,104,105,106,107,108,109,110,111,112,113,114,115,116,117,118,119,120,121,122,123,124,125,126,127
(-0.6319015622138977+0j),(0.6399399638175964+0j),(0.33414426445961+0.5055446624755859j),(0.33414426445961-0.5055446624755859j),(0.2507407069206238+0.5393401384353638j),(0.2507407069206238-0.5393401384353638j),(0.400348424911499+0.39913472533226013j),(0.400348424911499-0.39913472533226013j),(0.5576856732368469+0.05106370151042938j),(0.5576856732368469-0.05106370151042938j),(0.4839920699596405+0.2808767557144165j),(0.4839920699596405-0.2808767557144165j),(-0.5490164160728455+0.08275404572486877j),(-0.5490164160728455-0.08275404572486877j),(-0.3246466815471649+0.44695979356765747j),(-0.3246466815471649-0.44695979356765747j),(-0.15641380846500397+0.5229799747467041j),(-0.15641380846500397-0.5229799747467041j),(-0.37693145871162415+0.3867710828781128j),(-0.37693145871162415-0.3867710828781128j),(0.5054821372032166+0.18828265368938446j),(0.5054821372032166-0.18828265368938446j),(0.07236573100090027+0.5212822556495667j),(0.07236573100090027-0.5212822556495667j),(-0.17453651130199432+0.5020210146903992j),(-0.17453651130199432-0.5020210146903992j),(-0.4473855495452881+0.27812522649765015j),(-0.4473855495452881-0.27812522649765015j),(-0.015936288982629776+0.4991922378540039j),(-0.015936288982629776-0.4991922378540039j),(0.24438422918319702+0.4421458840370178j),(0.24438422918319702-0.4421458840370178j),(0.4030032157897949+0.284353107213974j),(0.4030032157897949-0.284353107213974j),(-0.17870745062828064+0.4519318640232086j),(-0.17870745062828064-0.4519318640232086j),(0.47991663217544556+0.07869333773851395j),(0.47991663217544556-0.07869333773851395j),(0.15418443083763123+0.4409215748310089j),(0.15418443083763123-0.4409215748310089j),(-0.40017709136009216+0.2523886561393738j),(-0.40017709136009216-0.2523886561393738j),(-0.4390583038330078+0.17864936590194702j),(-0.4390583038330078-0.17864936590194702j),(0.4056412875652313+0.20891742408275604j),(0.4056412875652313-0.20891742408275604j),(0.27807459235191345+0.34122827649116516j),(0.27807459235191345-0.34122827649116516j),(-0.2910809814929962+0.31093829870224j),(-0.2910809814929962-0.31093829870224j),(-0.4337460994720459+0.035487014800310135j),(-0.4337460994720459-0.035487014800310135j),(-0.25299689173698425+0.3234865367412567j),(-0.25299689173698425-0.3234865367412567j),(-0.23433062434196472+0.3358832001686096j),(-0.23433062434196472-0.3358832001686096j),(0.40422549843788147+0.08494480699300766j),(0.40422549843788147-0.08494480699300766j),(0.34300556778907776+0.1822640597820282j),(0.34300556778907776-0.1822640597820282j),(0.3753420114517212+0.08908501267433167j),(0.3753420114517212-0.08908501267433167j),(-0.04245586320757866+0.3909722566604614j),(-0.04245586320757866-0.3909722566604614j),(0.19942395389080048+0.3236802816390991j),(0.19942395389080048-0.3236802816390991j),(-0.3683215379714966+0.14098802208900452j),(-0.3683215379714966-0.14098802208900452j),(0.14723262190818787+0.33834052085876465j),(0.14723262190818787-0.33834052085876465j),(-0.02699914574623108+0.36686238646507263j),(-0.02699914574623108-0.36686238646507263j),(-0.12434966117143631+0.34541282057762146j),(-0.12434966117143631-0.34541282057762146j),(-0.3777918219566345+0.0878763198852539j),(-0.3777918219566345-0.0878763198852539j),(0.23159043490886688+0.2771517336368561j),(0.23159043490886688-0.2771517336368561j),(0.008614037185907364+0.3494461178779602j),(0.008614037185907364-0.3494461178779602j),(-0.1616293489933014+0.29913878440856934j),(-0.1616293489933014-0.29913878440856934j),(0.3123524487018585+0.09854169934988022j),(0.3123524487018585-0.09854169934988022j),(-0.3097822666168213+0.12861967086791992j),(-0.3097822666168213-0.12861967086791992j),(-0.34086498618125916+0j),(0.3305686116218567+0j),(-0.19281330704689026+0.2347320318222046j),(-0.19281330704689026-0.2347320318222046j),(0.24432510137557983+0.17150339484214783j),(0.24432510137557983-0.17150339484214783j),(-0.2963244318962097+0.061430901288986206j),(-0.2963244318962097-0.061430901288986206j),(-0.24485035240650177+0.15124431252479553j),(-0.24485035240650177-0.15124431252479553j),(0.2594960927963257+0j),(0.2571311295032501+0.081696517765522j),(0.2571311295032501-0.081696517765522j),(-0.2701120674610138+0.02517075650393963j),(-0.2701120674610138-0.02517075650393963j),(-0.04264932870864868+0.2633504867553711j),(-0.04264932870864868-0.2633504867553711j),(0.027418410405516624+0.23682934045791626j),(0.027418410405516624-0.23682934045791626j),(0.1784837394952774+0.14137770235538483j),(0.1784837394952774-0.14137770235538483j),(-0.17878063023090363+0j),(0.12010448426008224+0.17755310237407684j),(0.12010448426008224-0.17755310237407684j),(-0.1279180496931076+0.17680034041404724j),(-0.1279180496931076-0.17680034041404724j),(-0.06656850129365921+0.19759917259216309j),(-0.06656850129365921-0.19759917259216309j),(0.015975531190633774+0.16848476231098175j),(0.015975531190633774-0.16848476231098175j),(-0.1263609677553177+0.10761694610118866j),(-0.1263609677553177-0.10761694610118866j),(0.06674018502235413+0.10655269771814346j),(0.06674018502235413-0.10655269771814346j),(0.06953346729278564+0.057626429945230484j),(0.06953346729278564-0.057626429945230484j),(-0.11894629150629044+0j),(-0.044205326586961746+0.08693523705005646j),(-0.044205326586961746-0.08693523705005646j),(0.027168115600943565+0j),(-0.03435860201716423+0.046128593385219574j),(-0.03435860201716423-0.046128593385219574j)
(0.7141523361206055+0j),(-0.6318203210830688+0j),(0.33742988109588623+0.5064602494239807j),(0.33742988109588623-0.5064602494239807j),(0.2500050663948059+0.5415658354759216j),(0.2500050663948059-0.5415658354759216j),(0.6156483292579651+0j),(-0.32612377405166626+0.44447818398475647j),(-0.32612377405166626-0.44447818398475647j),(-0.5482884049415588+0.08203667402267456j),(-0.5482884049415588-0.08203667402267456j),(0.39634400606155396+0.39794060587882996j),(0.39634400606155396-0.39794060587882996j),(-0.15485559403896332+0.5225759744644165j),(-0.15485559403896332-0.5225759744644165j),(-0.3764307200908661+0.3873428404331207j),(-0.3764307200908661-0.3873428404331207j),(-0.17702341079711914+0.5021282434463501j),(-0.17702341079711914-0.5021282434463501j),(0.4805479347705841+0.25572505593299866j),(0.4805479347705841-0.25572505593299866j),(0.512132465839386+0.18559204041957855j),(0.512132465839386-0.18559204041957855j),(0.0703282579779625+0.5201190710067749j),(0.0703282579779625-0.5201190710067749j),(-0.44983845949172974+0.277959942817688j),(-0.44983845949172974-0.277959942817688j),(0.4977184236049652+0j),(0.5238115191459656+0.041845113039016724j),(0.5238115191459656-0.041845113039016724j),(-0.012485598213970661+0.49677664041519165j),(-0.012485598213970661-0.49677664041519165j),(0.2421635389328003+0.4431469440460205j),(0.2421635389328003-0.4431469440460205j),(-0.17726323008537292+0.44688940048217773j),(-0.17726323008537292-0.44688940048217773j),(-0.3993358910083771+0.2520344853401184j),(-0.3993358910083771-0.2520344853401184j),(-0.4404104948043823+0.1788196563720703j),(-0.4404104948043823-0.1788196563720703j),(0.3880443274974823+0.27116310596466064j),(0.3880443274974823-0.27116310596466064j),(0.15330298244953156+0.4404831528663635j),(0.15330298244953156-0.4404831528663635j),(0.4223406910896301+0.2120913714170456j),(0.4223406910896301-0.2120913714170456j),(0.27673161029815674+0.34616345167160034j),(0.27673161029815674-0.34616345167160034j),(-0.28892508149147034+0.3138345181941986j),(-0.28892508149147034-0.3138345181941986j),(-0.43339282274246216+0.03702031448483467j),(-0.43339282274246216-0.03702031448483467j),(-0.2555026113986969+0.3167625665664673j),(-0.2555026113986969-0.3167625665664673j),(-0.23145030438899994+0.3346153199672699j),(-0.23145030438899994-0.3346153199672699j),(0.40284112095832825+0.08841267973184586j),(0.40284112095832825-0.08841267973184586j),(-0.04786330834031105+0.3952178359031677j),(-0.04786330834031105-0.3952178359031677j),(-0.3675231635570526+0.14373822510242462j),(-0.3675231635570526-0.14373822510242462j),(0.34608161449432373+0.1850961297750473j),(0.34608161449432373-0.1850961297750473j),(0.16313427686691284+0.33823272585868835j),(0.16313427686691284-0.33823272585868835j),(0.19039173424243927+0.31667232513427734j),(0.19039173424243927-0.31667232513427734j),(0.24424631893634796+0.27347859740257263j),(0.24424631893634796-0.27347859740257263j),(-0.3762347102165222+0.08445975184440613j),(-0.3762347102165222-0.08445975184440613j),(-0.020579524338245392+0.37033477425575256j),(-0.020579524338245392-0.37033477425575256j),(-0.12659861147403717+0.34526750445365906j),(-0.12659861147403717-0.34526750445365906j),(0.346682608127594+0.09840844571590424j),(0.346682608127594-0.09840844571590424j),(0.004056471865624189+0.34735652804374695j),(0.004056471865624189-0.34735652804374695j),(-0.16174614429473877+0.30235517024993896j),(-0.16174614429473877-0.30235517024993896j),(0.3267686367034912+0.07633115351200104j),(0.3267686367034912-0.07633115351200104j),(-0.31229156255722046+0.13926468789577484j),(-0.31229156255722046-0.13926468789577484j),(0.32449284195899963+0j),(-0.3337990343570709+0j),(-0.30519869923591614+0j),(-0.18946558237075806+0.2388075888156891j),(-0.18946558237075806-0.2388075888156891j),(0.2462618201971054+0.16002492606639862j),(0.2462618201971054-0.16002492606639862j),(-0.29046329855918884+0.060322195291519165j),(-0.29046329855918884-0.060322195291519165j),(-0.24734047055244446+0.1486985683441162j),(-0.24734047055244446-0.1486985683441162j),(0.2588516175746918+0.08603908866643906j),(0.2588516175746918-0.08603908866643906j),(0.2550522983074188+0j),(-0.2615665793418884+0j),(-0.03457915782928467+0.25530806183815j),(-0.03457915782928467-0.25530806183815j),(0.18081693351268768+0.13955058157444j),(0.18081693351268768-0.13955058157444j),(0.025682207196950912+0.2283513844013214j),(0.025682207196950912-0.2283513844013214j),(0.11764807999134064+0.18531449139118195j),(0.11764807999134064-0.18531449139118195j),(-0.1740555763244629+0j),(-0.1310325264930725+0.18133683502674103j),(-0.1310325264930725-0.18133683502674103j),(-0.06179734319448471+0.2008255422115326j),(-0.06179734319448471-0.2008255422115326j),(0.010347383096814156+0.17666077613830566j),(0.010347383096814156-0.17666077613830566j),(-0.1312975436449051+0.10415905714035034j),(-0.1312975436449051-0.10415905714035034j),(0.06636729091405869+0.10487578809261322j),(0.06636729091405869-0.10487578809261322j),(-0.1310233473777771+0j),(0.06098794564604759+0.03989396616816521j),(0.06098794564604759-0.03989396616816521j),(-0.04705016687512398+0.09089619666337967j),(-0.04705016687512398-0.09089619666337967j),(0.025519391521811485+0j),(-0.02274787239730358+0.03616497665643692j),(-0.02274787239730358-0.03616497665643692j)
(0.8576414585113525+0j),(0.623506486415863+0j),(-0.6312111020088196+0j),(0.33922889828681946+0.5031688809394836j),(0.33922889828681946-0.5031688809394836j),(0.2496432065963745+0.5437555313110352j),(0.2496432065963745-0.5437555313110352j),(0.3933265209197998+0.39897578954696655j),(0.3933265209197998-0.39897578954696655j),(0.5365121960639954+0.047068286687135696j),(0.5365121960639954-0.047068286687135696j),(0.5113731622695923+0.1795845329761505j),(0.5113731622695923-0.1795845329761505j),(0.46906906366348267+0.2556135356426239j),(0.46906906366348267-0.2556135356426239j),(-0.32735514640808105+0.4430217742919922j),(-0.32735514640808105-0.4430217742919922j),(0.4724244475364685+0j),(-0.5477195382118225+0.0819489136338234j),(-0.5477195382118225-0.0819489136338234j),(-0.15338106453418732+0.5218634009361267j),(-0.15338106453418732-0.5218634009361267j),(0.07002809643745422+0.5179980397224426j),(0.07002809643745422-0.5179980397224426j),(-0.3755347430706024+0.38636085391044617j),(-0.3755347430706024-0.38636085391044617j),(-0.1789531260728836+0.5020172595977783j),(-0.1789531260728836-0.5020172595977783j),(0.24006295204162598+0.4448791742324829j),(0.24006295204162598-0.4448791742324829j),(-0.45200833678245544+0.278537780046463j),(-0.45200833678245544-0.278537780046463j),(0.43228697776794434+0.2091091424226761j),(0.43228697776794434-0.2091091424226761j),(-0.009203222580254078+0.4956795275211334j),(-0.009203222580254078-0.4956795275211334j),(0.37672027945518494+0.26792895793914795j),(0.37672027945518494-0.26792895793914795j),(0.1520930528640747+0.4405759871006012j),(0.1520930528640747-0.4405759871006012j),(0.27878597378730774+0.3509877324104309j),(0.27878597378730774-0.3509877324104309j),(-0.17594444751739502+0.4435780346393585j),(-0.17594444751739502-0.4435780346393585j),(-0.44192978739738464+0.1790505200624466j),(-0.44192978739738464-0.1790505200624466j),(-0.3977487087249756+0.25167208909988403j),(-0.3977487087249756-0.25167208909988403j),(0.398807168006897+0.09012874215841293j),(0.398807168006897-0.09012874215841293j),(0.34703049063682556+0.18680766224861145j),(0.34703049063682556-0.18680766224861145j),(-0.43293195962905884+0.0376732237637043j),(-0.43293195962905884-0.0376732237637043j),(-0.2848765254020691+0.3157818019390106j),(-0.2848765254020691-0.3157818019390106j),(0.17446236312389374+0.342591792345047j),(0.17446236312389374-0.342591792345047j),(-0.051031194627285004+0.39692842960357666j),(-0.051031194627285004-0.39692842960357666j),(-0.22894565761089325+0.3341112434864044j),(-0.22894565761089325-0.3341112434864044j),(0.2504582405090332+0.26857414841651917j),(0.2504582405090332-0.26857414841651917j),(-0.2619408071041107+0.3097166419029236j),(-0.2619408071041107-0.3097166419029236j),(0.1825854629278183+0.3081255853176117j),(0.1825854629278183-0.3081255853176117j),(-0.018223164603114128+0.37354543805122375j),(-0.018223164603114128-0.37354543805122375j),(0.34718871116638184+0.1091366782784462j),(0.34718871116638184-0.1091366782784462j),(0.31582850217819214+0j),(-0.12663844227790833+0.3476729989051819j),(-0.12663844227790833-0.3476729989051819j),(-0.3677836060523987+0.14544907212257385j),(-0.3677836060523987-0.14544907212257385j),(-0.3756504952907562+0.0811522975564003j),(-0.3756504952907562-0.0811522975564003j),(-0.00025344951427541673+0.3465436100959778j),(-0.00025344951427541673-0.3465436100959778j),(-0.16370610892772675+0.3055000305175781j),(-0.16370610892772675-0.3055000305175781j),(0.3259018063545227+0.052193690091371536j),(0.3259018063545227-0.052193690091371536j),(-0.31380361318588257+0.14959046244621277j),(-0.31380361318588257-0.14959046244621277j),(-0.32975637912750244+0.018647707998752594j),(-0.32975637912750244-0.018647707998752594j),(-0.18599680066108704+0.2442222535610199j),(-0.18599680066108704-0.2442222535610199j),(0.24380695819854736+0.1556718349456787j),(0.24380695819854736-0.1556718349456787j),(0.26208850741386414+0.09190186113119125j),(0.26208850741386414-0.09190186113119125j),(-0.2499604970216751+0.1448909044265747j),(-0.2499604970216751-0.1448909044265747j),(-0.2867237627506256+0.05955662950873375j),(-0.2867237627506256-0.05955662950873375j),(0.2429095208644867+0j),(-0.2511233389377594+0j),(0.18200376629829407+0.14035873115062714j),(0.18200376629829407-0.14035873115062714j),(-0.02280903421342373+0.24890242516994476j),(-0.02280903421342373-0.24890242516994476j),(0.11752365529537201+0.1898537427186966j),(0.11752365529537201-0.1898537427186966j),(0.031469110399484634+0.2136096954345703j),(0.031469110399484634-0.2136096954345703j),(-0.17128577828407288+0j),(-0.13508327305316925+0.18225878477096558j),(-0.13508327305316925-0.18225878477096558j),(-0.0595906525850296+0.20412904024124146j),(-0.0595906525850296-0.20412904024124146j),(-0.00493225222453475+0.1862454116344452j),(-0.00493225222453475-0.1862454116344452j),(-0.1332790106534958+0.10358887910842896j),(-0.1332790106534958-0.10358887910842896j),(0.06675062328577042+0.10326831042766571j),(0.06675062328577042-0.10326831042766571j),(-0.1358526647090912+0j),(0.07210811972618103+0j),(-0.04579482600092888+0.0899173766374588j),(-0.04579482600092888-0.0899173766374588j),(0.03316669166088104+0.03221294283866882j),(0.03316669166088104-0.03221294283866882j),(-0.016794225201010704+0.03230305761098862j),(-0.016794225201010704-0.03230305761098862j)
(0.9544958472251892+0j),(-0.6309298872947693+0j),(0.6255564093589783+0j),(0.34000957012176514+0.49901533126831055j),(0.34000957012176514-0.49901533126831055j),(0.24929222464561462+0.545390784740448j),(0.24929222464561462-0.545390784740448j),(0.39316028356552124+0.39945468306541443j),(0.39316028356552124-0.39945468306541443j),(0.5433242321014404+0.046459220349788666j),(0.5433242321014404-0.046459220349788666j),(0.509567141532898+0.17672522366046906j),(0.509567141532898-0.17672522366046906j),(0.46555572748184204+0.25826945900917053j),(0.46555572748184204-0.25826945900917053j),(-0.3279321491718292+0.44216451048851013j),(-0.3279321491718292-0.44216451048851013j),(-0.5477603673934937+0.0822015106678009j),(-0.5477603673934937-0.0822015106678009j),(0.46542415022850037+0j),(-0.15205411612987518+0.5210921168327332j),(-0.15205411612987518-0.5210921168327332j),(0.07012952119112015+0.5161956548690796j),(0.07012952119112015-0.5161956548690796j),(-0.37452900409698486+0.3870479464530945j),(-0.37452900409698486-0.3870479464530945j),(-0.17986136674880981+0.5018686056137085j),(-0.17986136674880981-0.5018686056137085j),(0.23906347155570984+0.4453403949737549j),(0.23906347155570984-0.4453403949737549j),(-0.45354974269866943+0.2789595127105713j),(-0.45354974269866943-0.2789595127105713j),(-0.006272625643759966+0.49590638279914856j),(-0.006272625643759966-0.49590638279914856j),(0.4353245794773102+0.2049136459827423j),(0.4353245794773102-0.2049136459827423j),(0.15255218744277954+0.43828684091567993j),(0.15255218744277954-0.43828684091567993j),(0.37192583084106445+0.26946309208869934j),(0.37192583084106445-0.26946309208869934j),(0.2801865041255951+0.35284677147865295j),(0.2801865041255951-0.35284677147865295j),(-0.17413288354873657+0.4417963922023773j),(-0.17413288354873657-0.4417963922023773j),(-0.4434174597263336+0.1801842302083969j),(-0.4434174597263336-0.1801842302083969j),(-0.39553308486938477+0.25089842081069946j),(-0.39553308486938477-0.25089842081069946j),(0.3958722651004791+0.09206826984882355j),(0.3958722651004791-0.09206826984882355j),(0.34768441319465637+0.18687589466571808j),(0.34768441319465637-0.18687589466571808j),(0.1786361187696457+0.3469456434249878j),(0.1786361187696457-0.3469456434249878j),(-0.28420576453208923+0.3200713098049164j),(-0.28420576453208923-0.3200713098049164j),(-0.4326050877571106+0.03743405267596245j),(-0.4326050877571106-0.03743405267596245j),(-0.05430765450000763+0.3974372148513794j),(-0.05430765450000763-0.3974372148513794j),(0.2525559961795807+0.2637769281864166j),(0.2525559961795807-0.2637769281864166j),(-0.22627396881580353+0.3329305350780487j),(-0.22627396881580353-0.3329305350780487j),(0.34889498353004456+0.11256574839353561j),(0.34889498353004456-0.11256574839353561j),(-0.26343679428100586+0.29621535539627075j),(-0.26343679428100586-0.29621535539627075j),(-0.015598141588270664+0.37494760751724243j),(-0.015598141588270664-0.37494760751724243j),(0.18043231964111328+0.3014381527900696j),(0.18043231964111328-0.3014381527900696j),(-0.36777588725090027+0.1463320255279541j),(-0.36777588725090027-0.1463320255279541j),(-0.1246495470404625+0.3505672216415405j),(-0.1246495470404625-0.3505672216415405j),(-0.37582188844680786+0.07930604368448257j),(-0.37582188844680786-0.07930604368448257j),(-0.0006578057655133307+0.3490210473537445j),(-0.0006578057655133307-0.3490210473537445j),(0.31296512484550476+0j),(0.3287721574306488+0.04297551140189171j),(0.3287721574306488-0.04297551140189171j),(-0.16430528461933136+0.308223158121109j),(-0.16430528461933136-0.308223158121109j),(-0.3168288767337799+0.15953853726387024j),(-0.3168288767337799-0.15953853726387024j),(-0.33330297470092773+0.02324625290930271j),(-0.33330297470092773-0.02324625290930271j),(-0.1822175532579422+0.25209009647369385j),(-0.1822175532579422-0.25209009647369385j),(0.24296881258487701+0.1518089473247528j),(0.24296881258487701-0.1518089473247528j),(0.2610980272293091+0.09794579446315765j),(0.2610980272293091-0.09794579446315765j),(-0.2875428795814514+0.06028228625655174j),(-0.2875428795814514-0.06028228625655174j),(-0.25219690799713135+0.1423538327217102j),(-0.25219690799713135-0.1423538327217102j),(-0.24672146141529083+0j),(0.23582513630390167+0j),(0.18212787806987762+0.13982905447483063j),(0.18212787806987762-0.13982905447483063j),(-0.012645095586776733+0.24535009264945984j),(-0.012645095586776733-0.24535009264945984j),(0.11931122094392776+0.19272223114967346j),(0.11931122094392776-0.19272223114967346j),(-0.16632932424545288+0j),(-0.13859346508979797+0.18328659236431122j),(-0.13859346508979797-0.18328659236431122j),(-0.05941522493958473+0.20655305683612823j),(-0.05941522493958473-0.20655305683612823j),(0.0317927785217762+0.1965329647064209j),(0.0317927785217762-0.1965329647064209j),(-0.015157632529735565+0.18750828504562378j),(-0.015157632529735565-0.18750828504562378j),(-0.13328564167022705+0.10449406504631042j),(-0.13328564167022705-0.10449406504631042j),(0.06250312924385071+0.10929781198501587j),(0.06250312924385071-0.10929781198501587j),(0.08931183069944382+0j),(-0.14206285774707794+0j),(-0.043488819152116776+0.08648812770843506j),(-0.043488819152116776-0.08648812770843506j),(0.027116335928440094+0.046294279396533966j),(0.027116335928440094-0.046294279396533966j),(-0.014181914739310741+0.03128160908818245j),(-0.014181914739310741-0.03128160908818245j)
(0.9771211743354797+0j),(-0.6306880712509155+0j),(0.6264355182647705+0j),(0.3403467535972595+0.4977599084377289j),(0.3403467535972595-0.4977599084377289j),(0.24820001423358917+0.5457759499549866j),(0.24820001423358917-0.5457759499549866j),(0.39715203642845154+0.3975512683391571j),(0.39715203642845154-0.3975512683391571j),(0.5467159152030945+0.04607932269573212j),(0.5467159152030945-0.04607932269573212j),(0.511923611164093+0.17565926909446716j),(0.511923611164093-0.17565926909446716j),(0.4641144871711731+0.2582988142967224j),(0.4641144871711731-0.2582988142967224j),(-0.5481245517730713+0.08295919746160507j),(-0.5481245517730713-0.08295919746160507j),(-0.3298950493335724+0.44183170795440674j),(-0.3298950493335724-0.44183170795440674j),(-0.37113115191459656+0.38974153995513916j),(-0.37113115191459656-0.38974153995513916j),(-0.15059621632099152+0.5204704999923706j),(-0.15059621632099152-0.5204704999923706j),(0.06919035315513611+0.5156406760215759j),(0.06919035315513611-0.5156406760215759j),(-0.4542849361896515+0.27829480171203613j),(-0.4542849361896515-0.27829480171203613j),(-0.1801430732011795+0.5007539987564087j),(-0.1801430732011795-0.5007539987564087j),(0.23647144436836243+0.4448239207267761j),(0.23647144436836243-0.4448239207267761j),(-0.005228002555668354+0.49548906087875366j),(-0.005228002555668354-0.49548906087875366j),(0.43880388140678406+0.20329643785953522j),(0.43880388140678406-0.20329643785953522j),(0.46618327498435974+0j),(0.15329663455486298+0.43662214279174805j),(0.15329663455486298-0.43662214279174805j),(0.3694930672645569+0.2712993621826172j),(0.3694930672645569-0.2712993621826172j),(-0.17372746765613556+0.4411236345767975j),(-0.17372746765613556-0.4411236345767975j),(0.27903616428375244+0.3546990752220154j),(0.27903616428375244-0.3546990752220154j),(-0.44135284423828125+0.18091697990894318j),(-0.44135284423828125-0.18091697990894318j),(-0.3941635191440582+0.24959121644496918j),(-0.3941635191440582-0.24959121644496918j),(-0.2832379639148712+0.32319870591163635j),(-0.2832379639148712-0.32319870591163635j),(-0.43176406621932983+0.03701472654938698j),(-0.43176406621932983-0.03701472654938698j),(0.39674112200737+0.09147275984287262j),(0.39674112200737-0.09147275984287262j),(0.18223464488983154+0.348857581615448j),(0.18223464488983154-0.348857581615448j),(0.3494897186756134+0.1852051019668579j),(0.3494897186756134-0.1852051019668579j),(-0.05475170537829399+0.3990134000778198j),(-0.05475170537829399-0.3990134000778198j),(-0.22718386352062225+0.3350497782230377j),(-0.22718386352062225-0.3350497782230377j),(-0.3708430826663971+0.15067006647586823j),(-0.3708430826663971-0.15067006647586823j),(0.25781625509262085+0.25774040818214417j),(0.25781625509262085-0.25774040818214417j),(-0.25987696647644043+0.2837112843990326j),(-0.25987696647644043-0.2837112843990326j),(-0.010079048573970795+0.3723756670951843j),(-0.010079048573970795-0.3723756670951843j),(-0.1243104338645935+0.35283079743385315j),(-0.1243104338645935-0.35283079743385315j),(-0.37612971663475037+0.07605945318937302j),(-0.37612971663475037-0.07605945318937302j),(0.18013492226600647+0.2960004210472107j),(0.18013492226600647-0.2960004210472107j),(0.3434622585773468+0.11200473457574844j),(0.3434622585773468-0.11200473457574844j),(-0.0022818907164037228+0.3539792001247406j),(-0.0022818907164037228-0.3539792001247406j),(-0.16489693522453308+0.3073146641254425j),(-0.16489693522453308-0.3073146641254425j),(-0.3139030635356903+0.1608208566904068j),(-0.3139030635356903-0.1608208566904068j),(0.32918331027030945+0.039974067360162735j),(0.32918331027030945-0.039974067360162735j),(0.3158584535121918+0j),(-0.333345890045166+0.026779750362038612j),(-0.333345890045166-0.026779750362038612j),(-0.18162260949611664+0.25891855359077454j),(-0.18162260949611664-0.25891855359077454j),(0.2627258002758026+0.10245810449123383j),(0.2627258002758026-0.10245810449123383j),(0.24475352466106415+0.14979016780853271j),(0.24475352466106415-0.14979016780853271j),(-0.2923527956008911+0.06383365392684937j),(-0.2923527956008911-0.06383365392684937j),(-0.2536402642726898+0.14078131318092346j),(-0.2536402642726898-0.14078131318092346j),(0.2252933830022812+0j),(0.18274469673633575+0.13807258009910583j),(0.18274469673633575-0.13807258009910583j),(0.1194581463932991+0.1984032392501831j),(0.1194581463932991-0.1984032392501831j),(-0.24490056931972504+0j),(-0.007010560482740402+0.2414206862449646j),(-0.007010560482740402-0.2414206862449646j),(-0.1400560885667801+0.18399153649806976j),(-0.1400560885667801-0.18399153649806976j),(0.02614123374223709+0.21013784408569336j),(0.02614123374223709-0.21013784408569336j),(-0.05851214751601219+0.20375467836856842j),(-0.05851214751601219-0.20375467836856842j),(-0.16050617396831512+0j),(-0.02184341289103031+0.1716383993625641j),(-0.02184341289103031-0.1716383993625641j),(-0.13343679904937744+0.10636348277330399j),(-0.13343679904937744-0.10636348277330399j),(0.0698227807879448+0.10658366233110428j),(0.0698227807879448-0.10658366233110428j),(-0.14969821274280548+0j),(0.08647286146879196+0j),(-0.04428906738758087+0.08801356703042984j),(-0.04428906738758087-0.08801356703042984j),(0.03522983193397522+0.041050951927900314j),(0.03522983193397522-0.041050951927900314j),(-0.01698061265051365+0.028902273625135422j),(-0.01698061265051365-0.028902273625135422j)
(0.9966059923171997+0j),(0.6298280358314514+0j),(0.3435857892036438+0.4961690306663513j),(0.3435857892036438-0.4961690306663513j),(0.2468787133693695+0.5468418598175049j),(0.2468787133693695-0.5468418598175049j),(-0.630282998085022+0j),(0.54873126745224+0.04564890265464783j),(0.54873126745224-0.04564890265464783j),(0.3996959328651428+0.3928157091140747j),(0.3996959328651428-0.3928157091140747j),(0.5137946605682373+0.1726088970899582j),(0.5137946605682373-0.1726088970899582j),(0.4646196961402893+0.25829675793647766j),(0.4646196961402893-0.25829675793647766j),(-0.3310244679450989+0.44011369347572327j),(-0.3310244679450989-0.44011369347572327j),(-0.15028131008148193+0.5198291540145874j),(-0.15028131008148193-0.5198291540145874j),(-0.5486815571784973+0.0831388458609581j),(-0.5486815571784973-0.0831388458609581j),(0.06888218224048615+0.5152990818023682j),(0.06888218224048615-0.5152990818023682j),(-0.18136975169181824+0.4986697733402252j),(-0.18136975169181824-0.4986697733402252j),(-0.3700062036514282+0.3912150263786316j),(-0.3700062036514282-0.3912150263786316j),(0.23630298674106598+0.4452425539493561j),(0.23630298674106598-0.4452425539493561j),(0.46604758501052856+0j),(0.4402344226837158+0.1958192139863968j),(0.4402344226837158-0.1958192139863968j),(-0.4550043046474457+0.2782813608646393j),(-0.4550043046474457-0.2782813608646393j),(-0.005114722065627575+0.4946872591972351j),(-0.005114722065627575-0.4946872591972351j),(0.3735790550708771+0.27380073070526123j),(0.3735790550708771-0.27380073070526123j),(0.15313178300857544+0.43547549843788147j),(0.15313178300857544-0.43547549843788147j),(0.277581125497818+0.35368943214416504j),(0.277581125497818-0.35368943214416504j),(-0.17415788769721985+0.4427414536476135j),(-0.17415788769721985-0.4427414536476135j),(-0.4414757788181305+0.18089009821414948j),(-0.4414757788181305-0.18089009821414948j),(-0.39371711015701294+0.24989217519760132j),(-0.39371711015701294-0.24989217519760132j),(0.3954232335090637+0.09250170737504959j),(0.3954232335090637-0.09250170737504959j),(0.3507271111011505+0.18670856952667236j),(0.3507271111011505-0.18670856952667236j),(0.1833483725786209+0.3509534001350403j),(0.1833483725786209-0.3509534001350403j),(-0.2825648784637451+0.3260051906108856j),(-0.2825648784637451-0.3260051906108856j),(-0.43055459856987+0.03802693635225296j),(-0.43055459856987-0.03802693635225296j),(0.26063042879104614+0.25914186239242554j),(0.26063042879104614-0.25914186239242554j),(-0.056305933743715286+0.4001314640045166j),(-0.056305933743715286-0.4001314640045166j),(-0.23029665648937225+0.33492332696914673j),(-0.23029665648937225-0.33492332696914673j),(0.3448289632797241+0.11517946422100067j),(0.3448289632797241-0.11517946422100067j),(-0.37026774883270264+0.15179365873336792j),(-0.37026774883270264-0.15179365873336792j),(-0.12438784539699554+0.35358697175979614j),(-0.12438784539699554-0.35358697175979614j),(-0.002536895452067256+0.37069329619407654j),(-0.002536895452067256-0.37069329619407654j),(-0.2508435845375061+0.28317520022392273j),(-0.2508435845375061-0.28317520022392273j),(0.17988435924053192+0.2928992211818695j),(0.17988435924053192-0.2928992211818695j),(-0.37855657935142517+0.07471209019422531j),(-0.37855657935142517-0.07471209019422531j),(-0.002865895628929138+0.3558027744293213j),(-0.002865895628929138-0.3558027744293213j),(0.3245888650417328+0j),(0.3295726478099823+0.03653744235634804j),(0.3295726478099823-0.03653744235634804j),(-0.31395769119262695+0.16177093982696533j),(-0.31395769119262695-0.16177093982696533j),(-0.1639154553413391+0.3034699559211731j),(-0.1639154553413391-0.3034699559211731j),(-0.33051949739456177+0.030475296080112457j),(-0.33051949739456177-0.030475296080112457j),(-0.18538659811019897+0.2570442259311676j),(-0.18538659811019897-0.2570442259311676j),(0.2633267045021057+0.10663390159606934j),(0.2633267045021057-0.10663390159606934j),(0.2444726526737213+0.143776074051857j),(0.2444726526737213-0.143776074051857j),(-0.29430848360061646+0.060918472707271576j),(-0.29430848360061646-0.060918472707271576j),(-0.25338008999824524+0.1405489146709442j),(-0.25338008999824524-0.1405489146709442j),(0.18214063346385956+0.1374686360359192j),(0.18214063346385956-0.1374686360359192j),(-0.2461659014225006+0j),(0.11727447807788849+0.19888317584991455j),(0.11727447807788849-0.19888317584991455j),(0.2182551473379135+0j),(-0.006966921500861645+0.2393677532672882j),(-0.006966921500861645-0.2393677532672882j),(0.031462978571653366+0.21818190813064575j),(0.031462978571653366-0.21818190813064575j),(-0.13885074853897095+0.18381087481975555j),(-0.13885074853897095-0.18381087481975555j),(-0.059922974556684494+0.20232070982456207j),(-0.059922974556684494-0.20232070982456207j),(-0.1637701839208603+0j),(-0.13697491586208344+0.10889444500207901j),(-0.13697491586208344-0.10889444500207901j),(-0.0177643820643425+0.16378061473369598j),(-0.0177643820643425-0.16378061473369598j),(0.07135404646396637+0.1027839407324791j),(0.07135404646396637-0.1027839407324791j),(-0.15045665204524994+0j),(0.0909993126988411+0j),(-0.04639806970953941+0.09112372249364853j),(-0.04639806970953941-0.09112372249364853j),(0.039496514946222305+0.03651499003171921j),(0.039496514946222305-0.03651499003171921j),(-0.017900630831718445+0.02791484072804451j),(-0.017900630831718445-0.02791484072804451j)
(0.9902979731559753+0j),(0.6354883313179016+0j),(-0.6301624178886414+0j),(0.3465663194656372+0.4950960576534271j),(0.3465663194656372-0.4950960576534271j),(0.24595849215984344+0.546576976776123j),(0.24595849215984344-0.546576976776123j),(0.4017381966114044+0.39031943678855896j),(0.4017381966114044-0.39031943678855896j),(0.5522980093955994+0.04310142993927002j),(0.5522980093955994-0.04310142993927002j),(0.5157066583633423+0.170933797955513j),(0.5157066583633423-0.170933797955513j),(0.4656125605106354+0.2598251700401306j),(0.4656125605106354-0.2598251700401306j),(-0.549260675907135+0.08334941416978836j),(-0.549260675907135-0.08334941416978836j),(-0.3332050144672394+0.4383341073989868j),(-0.3332050144672394-0.4383341073989868j),(-0.14983497560024261+0.5189647674560547j),(-0.14983497560024261-0.5189647674560547j),(-0.36699193716049194+0.39273810386657715j),(-0.36699193716049194-0.39273810386657715j),(0.469023197889328+0j),(0.06802073866128922+0.513676106929779j),(0.06802073866128922-0.513676106929779j),(-0.4558924734592438+0.2768060863018036j),(-0.4558924734592438-0.2768060863018036j),(-0.1822238564491272+0.49758926033973694j),(-0.1822238564491272-0.49758926033973694j),(0.23364152014255524+0.4445631206035614j),(0.23364152014255524-0.4445631206035614j),(0.44220060110092163+0.19354532659053802j),(0.44220060110092163-0.19354532659053802j),(-0.0034847063943743706+0.4962068498134613j),(-0.0034847063943743706-0.4962068498134613j),(0.3736916184425354+0.2733255922794342j),(0.3736916184425354-0.2733255922794342j),(0.15321019291877747+0.43379777669906616j),(0.15321019291877747-0.43379777669906616j),(0.27781543135643005+0.35616743564605713j),(0.27781543135643005-0.35616743564605713j),(-0.174716055393219+0.44348111748695374j),(-0.174716055393219-0.44348111748695374j),(-0.4400266110897064+0.17957690358161926j),(-0.4400266110897064-0.17957690358161926j),(-0.39189645648002625+0.24844573438167572j),(-0.39189645648002625-0.24844573438167572j),(0.39288628101348877+0.09113039076328278j),(0.39288628101348877-0.09113039076328278j),(0.35138988494873047+0.18592344224452972j),(0.35138988494873047-0.18592344224452972j),(0.18399758636951447+0.34979936480522156j),(0.18399758636951447-0.34979936480522156j),(-0.2794741094112396+0.33027252554893494j),(-0.2794741094112396-0.33027252554893494j),(0.26876646280288696+0.2554190456867218j),(0.26876646280288696-0.2554190456867218j),(-0.4307522773742676+0.038170214742422104j),(-0.4307522773742676-0.038170214742422104j),(-0.05681566894054413+0.39871031045913696j),(-0.05681566894054413-0.39871031045913696j),(0.34395262598991394+0.1171715036034584j),(0.34395262598991394-0.1171715036034584j),(-0.22939395904541016+0.3340050280094147j),(-0.22939395904541016-0.3340050280094147j),(0.32320529222488403+0j),(-0.36691591143608093+0.15502355992794037j),(-0.36691591143608093-0.15502355992794037j),(-0.0019641933031380177+0.37327563762664795j),(-0.0019641933031380177-0.37327563762664795j),(-0.12444397807121277+0.3541676700115204j),(-0.12444397807121277-0.3541676700115204j),(0.1796184480190277+0.291387677192688j),(0.1796184480190277-0.291387677192688j),(-0.0017087406013160944+0.355269193649292j),(-0.0017087406013160944-0.355269193649292j),(-0.24917925894260406+0.2812754511833191j),(-0.24917925894260406-0.2812754511833191j),(-0.3783561587333679+0.07496011257171631j),(-0.3783561587333679-0.07496011257171631j),(0.32799598574638367+0.03244549781084061j),(0.32799598574638367-0.03244549781084061j),(-0.32060497999191284+0.16014714539051056j),(-0.32060497999191284-0.16014714539051056j),(-0.16290058195590973+0.30402836203575134j),(-0.16290058195590973-0.30402836203575134j),(-0.33181115984916687+0.029112355783581734j),(-0.33181115984916687-0.029112355783581734j),(0.265906423330307+0.10747852921485901j),(0.265906423330307-0.10747852921485901j),(-0.18327483534812927+0.25408631563186646j),(-0.18327483534812927-0.25408631563186646j),(0.24519243836402893+0.1405610293149948j),(0.24519243836402893-0.1405610293149948j),(-0.2913691997528076+0.06822770088911057j),(-0.2913691997528076-0.06822770088911057j),(-0.25422346591949463+0.1399078071117401j),(-0.25422346591949463-0.1399078071117401j),(0.18464457988739014+0.13890022039413452j),(0.18464457988739014-0.13890022039413452j),(0.1156323254108429+0.20115529000759125j),(0.1156323254108429-0.20115529000759125j),(0.21593600511550903+0j),(-0.007503477390855551+0.23751842975616455j),(-0.007503477390855551-0.23751842975616455j),(0.033101268112659454+0.22072933614253998j),(0.033101268112659454-0.22072933614253998j),(-0.24419927597045898+0j),(-0.14047518372535706+0.18607878684997559j),(-0.14047518372535706-0.18607878684997559j),(-0.06006752699613571+0.20324552059173584j),(-0.06006752699613571-0.20324552059173584j),(-0.1376916617155075+0.10991314798593521j),(-0.1376916617155075-0.10991314798593521j),(0.0306259673088789+0j),(0.07733004540205002+0.0997784286737442j),(0.07733004540205002-0.0997784286737442j),(-0.019351759925484657+0.15715505182743073j),(-0.019351759925484657-0.15715505182743073j),(-0.15592768788337708+0.010899287648499012j),(-0.15592768788337708-0.010899287648499012j),(0.07026232779026031+0.020516863092780113j),(0.07026232779026031-0.020516863092780113j),(-0.046830710023641586+0.09139719605445862j),(-0.046830710023641586-0.09139719605445862j),(-0.017680678516626358+0.029087606817483902j),(-0.017680678516626358-0.029087606817483902j)
(1.0025405883789062+0j),(0.6534383893013+0j),(-0.6301547288894653+0j),(0.3497457504272461+0.4918888509273529j),(0.3497457504272461-0.4918888509273529j),(0.24272634088993073+0.5469643473625183j),(0.24272634088993073-0.5469643473625183j),(0.557640016078949+0.03720094636082649j),(0.557640016078949-0.03720094636082649j),(0.40598464012145996+0.3820541501045227j),(0.40598464012145996-0.3820541501045227j),(0.517400324344635+0.1711711436510086j),(0.517400324344635-0.1711711436510086j),(0.46605339646339417+0.2626669108867645j),(0.46605339646339417-0.2626669108867645j),(-0.5510390400886536+0.08391978591680527j),(-0.5510390400886536-0.08391978591680527j),(-0.3352973461151123+0.4345502257347107j),(-0.3352973461151123-0.4345502257347107j),(0.48675042390823364+0j),(-0.14986956119537354+0.5172568559646606j),(-0.14986956119537354-0.5172568559646606j),(-0.36181992292404175+0.3967007100582123j),(-0.36181992292404175-0.3967007100582123j),(0.06819045543670654+0.5118806958198547j),(0.06819045543670654-0.5118806958198547j),(-0.18422679603099823+0.4976949691772461j),(-0.18422679603099823-0.4976949691772461j),(-0.45697301626205444+0.27624642848968506j),(-0.45697301626205444-0.27624642848968506j),(0.2309013456106186+0.4436616897583008j),(0.2309013456106186-0.4436616897583008j),(-0.003992307465523481+0.49585914611816406j),(-0.003992307465523481-0.49585914611816406j),(0.44241973757743835+0.1877032369375229j),(0.44241973757743835-0.1877032369375229j),(0.3734614849090576+0.27304691076278687j),(0.3734614849090576-0.27304691076278687j),(0.1542777121067047+0.431985080242157j),(0.1542777121067047-0.431985080242157j),(0.27613866329193115+0.35931262373924255j),(0.27613866329193115-0.35931262373924255j),(-0.1726893037557602+0.44356608390808105j),(-0.1726893037557602-0.44356608390808105j),(-0.43717190623283386+0.177924245595932j),(-0.43717190623283386-0.177924245595932j),(-0.3925341069698334+0.2464223951101303j),(-0.3925341069698334-0.2464223951101303j),(-0.283707857131958+0.3335443437099457j),(-0.283707857131958-0.3335443437099457j),(0.18630072474479675+0.35122254490852356j),(0.18630072474479675-0.35122254490852356j),(0.3572269082069397+0.18404284119606018j),(0.3572269082069397-0.18404284119606018j),(0.3918225169181824+0.08716946840286255j),(0.3918225169181824-0.08716946840286255j),(0.2713586688041687+0.2565036416053772j),(0.2713586688041687-0.2565036416053772j),(-0.05732540786266327+0.3987053334712982j),(-0.05732540786266327-0.3987053334712982j),(-0.42969655990600586+0.038518570363521576j),(-0.42969655990600586-0.038518570363521576j),(-0.22133786976337433+0.3319728672504425j),(-0.22133786976337433-0.3319728672504425j),(-0.0003523988416418433+0.3762781023979187j),(-0.0003523988416418433-0.3762781023979187j),(-0.3683222532272339+0.16412582993507385j),(-0.3683222532272339-0.16412582993507385j),(0.18759383261203766+0.28561657667160034j),(0.18759383261203766-0.28561657667160034j),(0.3433547616004944+0j),(0.33719006180763245+0.11792521923780441j),(0.33719006180763245-0.11792521923780441j),(-0.12444325536489487+0.354317843914032j),(-0.12444325536489487-0.354317843914032j),(-0.0008332307916134596+0.3522336483001709j),(-0.0008332307916134596-0.3522336483001709j),(-0.38292479515075684+0.07322323322296143j),(-0.38292479515075684-0.07322323322296143j),(-0.24087287485599518+0.27876847982406616j),(-0.24087287485599518-0.27876847982406616j),(0.3225707709789276+0.030647551640868187j),(0.3225707709789276-0.030647551640868187j),(-0.16323593258857727+0.30435940623283386j),(-0.16323593258857727-0.30435940623283386j),(-0.3141179382801056+0.15898571908473969j),(-0.3141179382801056-0.15898571908473969j),(0.27389007806777954+0.12368817627429962j),(0.27389007806777954-0.12368817627429962j),(-0.32393452525138855+0.026975927874445915j),(-0.32393452525138855-0.026975927874445915j),(-0.185420423746109+0.25702157616615295j),(-0.185420423746109-0.25702157616615295j),(0.24159258604049683+0.13255251944065094j),(0.24159258604049683-0.13255251944065094j),(-0.3008461892604828+0.07719182223081589j),(-0.3008461892604828-0.07719182223081589j),(-0.25390496850013733+0.13855348527431488j),(-0.25390496850013733-0.13855348527431488j),(0.1848108023405075+0.13698585331439972j),(0.1848108023405075-0.13698585331439972j),(0.11337476968765259+0.20149238407611847j),(0.11337476968765259-0.20149238407611847j),(0.03892483562231064+0.22441254556179047j),(0.03892483562231064-0.22441254556179047j),(0.21166452765464783+0j),(-0.006506356876343489+0.2349279820919037j),(-0.006506356876343489-0.2349279820919037j),(-0.24297665059566498+0j),(-0.1436426341533661+0.18366402387619019j),(-0.1436426341533661-0.18366402387619019j),(-0.06133505329489708+0.20267117023468018j),(-0.06133505329489708-0.20267117023468018j),(-0.13723360002040863+0.11090980470180511j),(-0.13723360002040863-0.11090980470180511j),(-0.017518192529678345+0.15918344259262085j),(-0.017518192529678345-0.15918344259262085j),(0.012821116484701633+0j),(0.07442238926887512+0.0904451310634613j),(0.07442238926887512-0.0904451310634613j),(-0.1540491133928299+0.01880566030740738j),(-0.1540491133928299-0.01880566030740738j),(0.07995446771383286+0.0031028869561851025j),(0.07995446771383286-0.0031028869561851025j),(-0.04697183892130852+0.09576907008886337j),(-0.04697183892130852-0.09576907008886337j),(-0.01362490002065897+0.03282857686281204j),(-0.01362490002065897-0.03282857686281204j)
(1.0074506998062134+0j),(0.6647303104400635+0j),(-0.6301393508911133+0j),(0.3535201847553253+0.48768606781959534j),(0.3535201847553253-0.48768606781959534j),(0.24286708235740662+0.5446068048477173j),(0.24286708235740662-0.5446068048477173j),(0.40833744406700134+0.3795939087867737j),(0.40833744406700134-0.3795939087867737j),(0.5608371496200562+0.03615038841962814j),(0.5608371496200562-0.03615038841962814j),(0.5207470655441284+0.1667671501636505j),(0.5207470655441284-0.1667671501636505j),(0.46410125494003296+0.2595149576663971j),(0.46410125494003296-0.2595149576663971j),(-0.5511180758476257+0.08378858864307404j),(-0.5511180758476257-0.08378858864307404j),(-0.33627623319625854+0.4341568648815155j),(-0.33627623319625854-0.4341568648815155j),(-0.14818312227725983+0.5168031454086304j),(-0.14818312227725983-0.5168031454086304j),(0.06651654839515686+0.5089188814163208j),(0.06651654839515686-0.5089188814163208j),(-0.3582519590854645+0.3962647318840027j),(-0.3582519590854645-0.3962647318840027j),(-0.18508149683475494+0.4964373707771301j),(-0.18508149683475494-0.4964373707771301j),(-0.4585056006908417+0.2745175063610077j),(-0.4585056006908417-0.2745175063610077j),(0.48656904697418213+0j),(0.22802504897117615+0.4448491632938385j),(0.22802504897117615-0.4448491632938385j),(-0.0022393546532839537+0.4964044988155365j),(-0.0022393546532839537-0.4964044988155365j),(0.44606685638427734+0.1894998699426651j),(0.44606685638427734-0.1894998699426651j),(0.37460094690322876+0.2739703059196472j),(0.37460094690322876-0.2739703059196472j),(0.15467144548892975+0.4304075837135315j),(0.15467144548892975-0.4304075837135315j),(0.2769814729690552+0.3581538200378418j),(0.2769814729690552-0.3581538200378418j),(-0.17084330320358276+0.44347748160362244j),(-0.17084330320358276-0.44347748160362244j),(-0.4382171034812927+0.18180005252361298j),(-0.4382171034812927-0.18180005252361298j),(-0.3926407992839813+0.2430666983127594j),(-0.3926407992839813-0.2430666983127594j),(0.1908036172389984+0.3482626676559448j),(0.1908036172389984-0.3482626676559448j),(0.3582286238670349+0.18342913687229156j),(0.3582286238670349-0.18342913687229156j),(-0.2828800082206726+0.3324578106403351j),(-0.2828800082206726-0.3324578106403351j),(0.3954985439777374+0.08855707943439484j),(0.3954985439777374-0.08855707943439484j),(-0.42681363224983215+0.03827396407723427j),(-0.42681363224983215-0.03827396407723427j),(-0.05778546631336212+0.3979296386241913j),(-0.05778546631336212-0.3979296386241913j),(0.000817214953713119+0.38464200496673584j),(0.000817214953713119-0.38464200496673584j),(-0.3662702143192291+0.1718778908252716j),(-0.3662702143192291-0.1718778908252716j),(0.2681819796562195+0.24759042263031006j),(0.2681819796562195-0.24759042263031006j),(-0.2193896323442459+0.330800324678421j),(-0.2193896323442459-0.330800324678421j),(-0.38721388578414917+0.07218707352876663j),(-0.38721388578414917-0.07218707352876663j),(0.3448091447353363+0.116614930331707j),(0.3448091447353363-0.116614930331707j),(-0.12527719140052795+0.3539036810398102j),(-0.12527719140052795-0.3539036810398102j),(0.18513119220733643+0.28341618180274963j),(0.18513119220733643-0.28341618180274963j),(0.005149437580257654+0.34724339842796326j),(0.005149437580257654-0.34724339842796326j),(0.34291523694992065+0j),(-0.24083152413368225+0.2781931757926941j),(-0.24083152413368225-0.2781931757926941j),(0.3317711353302002+0.03843051940202713j),(0.3317711353302002-0.03843051940202713j),(-0.16789951920509338+0.30900418758392334j),(-0.16789951920509338-0.30900418758392334j),(-0.30781081318855286+0.15663166344165802j),(-0.30781081318855286-0.15663166344165802j),(-0.32119637727737427+0.01700013130903244j),(-0.32119637727737427-0.01700013130903244j),(0.2712496519088745+0.13508586585521698j),(0.2712496519088745-0.13508586585521698j),(-0.18267419934272766+0.2570219337940216j),(-0.18267419934272766-0.2570219337940216j),(-0.30211377143859863+0.0800480768084526j),(-0.30211377143859863-0.0800480768084526j),(0.22780653834342957+0.12333885580301285j),(0.22780653834342957-0.12333885580301285j),(-0.2549867630004883+0.13629315793514252j),(-0.2549867630004883-0.13629315793514252j),(0.1953468918800354+0.13642749190330505j),(0.1953468918800354-0.13642749190330505j),(0.1146668866276741+0.20323966443538666j),(0.1146668866276741-0.20323966443538666j),(0.0432710126042366+0.22994233667850494j),(0.0432710126042366-0.22994233667850494j),(0.2130744457244873+0j),(-0.24469073116779327+0j),(-0.007962453179061413+0.22741839289665222j),(-0.007962453179061413-0.22741839289665222j),(-0.14363130927085876+0.1819457858800888j),(-0.14363130927085876-0.1819457858800888j),(-0.05890775844454765+0.20239311456680298j),(-0.05890775844454765-0.20239311456680298j),(-0.13550786674022675+0.11088241636753082j),(-0.13550786674022675-0.11088241636753082j),(-0.01561372634023428+0.16219468414783478j),(-0.01561372634023428-0.16219468414783478j),(-0.004517175257205963+0j),(-0.1522846221923828+0.019163871183991432j),(-0.1522846221923828-0.019163871183991432j),(0.07670820504426956+0.08128805458545685j),(0.07670820504426956-0.08128805458545685j),(0.09200362116098404+0.029985807836055756j),(0.09200362116098404-0.029985807836055756j),(-0.04865291714668274+0.09973815083503723j),(-0.04865291714668274-0.09973815083503723j),(-0.019884241744875908+0.03917239233851433j),(-0.019884241744875908-0.03917239233851433j)
(0.9906602501869202+0j),(0.6714362502098083+0j),(0.3543519973754883+0.48611581325531006j),(0.3543519973754883-0.48611581325531006j),(-0.6305521130561829+0j),(0.24190069735050201+0.5417752861976624j),(0.24190069735050201-0.5417752861976624j),(0.41308867931365967+0.37433895468711853j),(0.41308867931365967-0.37433895468711853j),(0.5638166069984436+0.034053392708301544j),(0.5638166069984436-0.034053392708301544j),(0.5247136354446411+0.15848350524902344j),(0.5247136354446411-0.15848350524902344j),(0.4660491347312927+0.2600283622741699j),(0.4660491347312927-0.2600283622741699j),(0.49044159054756165+0j),(-0.5508949756622314+0.08465229719877243j),(-0.5508949756622314-0.08465229719877243j),(-0.3368699848651886+0.43259310722351074j),(-0.3368699848651886-0.43259310722351074j),(-0.147319033741951+0.516389012336731j),(-0.147319033741951-0.516389012336731j),(-0.18691948056221008+0.4959806799888611j),(-0.18691948056221008-0.4959806799888611j),(-0.35734009742736816+0.3989141583442688j),(-0.35734009742736816-0.3989141583442688j),(0.06520675122737885+0.5081118941307068j),(0.06520675122737885-0.5081118941307068j),(-0.45736491680145264+0.27306705713272095j),(-0.45736491680145264-0.27306705713272095j),(0.22742824256420135+0.44515466690063477j),(0.22742824256420135-0.44515466690063477j),(-1.4476697288046125e-05+0.49572110176086426j),(-1.4476697288046125e-05-0.49572110176086426j),(0.4462643563747406+0.1888466328382492j),(0.4462643563747406-0.1888466328382492j),(0.37497368454933167+0.2724081575870514j),(0.37497368454933167-0.2724081575870514j),(0.15451990067958832+0.42560848593711853j),(0.15451990067958832-0.42560848593711853j),(-0.16848167777061462+0.44438615441322327j),(-0.16848167777061462-0.44438615441322327j),(0.2724264860153198+0.35607361793518066j),(0.2724264860153198-0.35607361793518066j),(-0.43735820055007935+0.1791084259748459j),(-0.43735820055007935-0.1791084259748459j),(-0.3906964361667633+0.24110719561576843j),(-0.3906964361667633-0.24110719561576843j),(-0.28357335925102234+0.3330552577972412j),(-0.28357335925102234-0.3330552577972412j),(0.1920795738697052+0.34889543056488037j),(0.1920795738697052-0.34889543056488037j),(0.3633307218551636+0.1811695545911789j),(0.3633307218551636-0.1811695545911789j),(0.39697960019111633+0.08737706393003464j),(0.39697960019111633-0.08737706393003464j),(-0.056545011699199677+0.3984117805957794j),(-0.056545011699199677-0.3984117805957794j),(-0.42541342973709106+0.04034830629825592j),(-0.42541342973709106-0.04034830629825592j),(0.009442372247576714+0.38658854365348816j),(0.009442372247576714-0.38658854365348816j),(-0.37217065691947937+0.17568768560886383j),(-0.37217065691947937-0.17568768560886383j),(-0.22249329090118408+0.33838650584220886j),(-0.22249329090118408-0.33838650584220886j),(0.2751775085926056+0.2438627928495407j),(0.2751775085926056-0.2438627928495407j),(-0.39095431566238403+0.0714062824845314j),(-0.39095431566238403-0.0714062824845314j),(0.34344571828842163+0.12299706786870956j),(0.34344571828842163-0.12299706786870956j),(0.34792789816856384+0j),(-0.12426379323005676+0.3539045453071594j),(-0.12426379323005676-0.3539045453071594j),(-0.00013690159539692104+0.3456542193889618j),(-0.00013690159539692104-0.3456542193889618j),(-0.2362118512392044+0.27328431606292725j),(-0.2362118512392044-0.27328431606292725j),(0.1829214245080948+0.2796945571899414j),(0.1829214245080948-0.2796945571899414j),(0.33285972476005554+0.041417934000492096j),(0.33285972476005554-0.041417934000492096j),(-0.16786730289459229+0.3074837327003479j),(-0.16786730289459229-0.3074837327003479j),(-0.3010227680206299+0.1576583981513977j),(-0.3010227680206299-0.1576583981513977j),(0.27485552430152893+0.1345585435628891j),(0.27485552430152893-0.1345585435628891j),(-0.18521873652935028+0.2564285099506378j),(-0.18521873652935028-0.2564285099506378j),(-0.31823694705963135+0.015198683366179466j),(-0.31823694705963135-0.015198683366179466j),(-0.305572509765625+0.08081667125225067j),(-0.305572509765625-0.08081667125225067j),(-0.2530089020729065+0.13205039501190186j),(-0.2530089020729065-0.13205039501190186j),(0.22712861001491547+0.1232268363237381j),(0.22712861001491547-0.1232268363237381j),(0.19615201652050018+0.14173558354377747j),(0.19615201652050018-0.14173558354377747j),(0.12060494720935822+0.20951434969902039j),(0.12060494720935822-0.20951434969902039j),(0.05115664377808571+0.227663055062294j),(0.05115664377808571-0.227663055062294j),(-0.24662871658802032+0j),(-0.011288984678685665+0.23356862366199493j),(-0.011288984678685665-0.23356862366199493j),(0.2091679871082306+0j),(-0.1432071477174759+0.17955249547958374j),(-0.1432071477174759-0.17955249547958374j),(-0.06211826577782631+0.20085692405700684j),(-0.06211826577782631-0.20085692405700684j),(-0.13686424493789673+0.11332037299871445j),(-0.13686424493789673-0.11332037299871445j),(-0.011099858209490776+0.15032146871089935j),(-0.011099858209490776-0.15032146871089935j),(-0.15081511437892914+0.01600075699388981j),(-0.15081511437892914-0.01600075699388981j),(0.07618734985589981+0.08500976115465164j),(0.07618734985589981-0.08500976115465164j),(0.09453648328781128+0.013746879994869232j),(0.09453648328781128-0.013746879994869232j),(-0.0028456319123506546+0j),(-0.04975294694304466+0.09979928284883499j),(-0.04975294694304466-0.09979928284883499j),(-0.0166808869689703+0.03450881689786911j),(-0.0166808869689703-0.03450881689786911j)
(0.9978244304656982+0j),(0.6809422373771667+0j),(-0.631120502948761+0j),(0.35648268461227417+0.4836103320121765j),(0.35648268461227417-0.4836103320121765j),(0.2412792593240738+0.5396750569343567j),(0.2412792593240738-0.5396750569343567j),(0.5702203512191772+0.03455548733472824j),(0.5702203512191772-0.03455548733472824j),(0.41669073700904846+0.36980342864990234j),(0.41669073700904846-0.36980342864990234j),(0.5291531682014465+0.15278129279613495j),(0.5291531682014465-0.15278129279613495j),(-0.5506148934364319+0.08538322895765305j),(-0.5506148934364319-0.08538322895765305j),(-0.3362993001937866+0.43081164360046387j),(-0.3362993001937866-0.43081164360046387j),(0.4972204267978668+0j),(-0.14651905000209808+0.5173187851905823j),(-0.14651905000209808-0.5173187851905823j),(0.46554696559906006+0.2586217224597931j),(0.46554696559906006-0.2586217224597931j),(-0.3534952700138092+0.40235239267349243j),(-0.3534952700138092-0.40235239267349243j),(-0.1866479218006134+0.4930605888366699j),(-0.1866479218006134-0.4930605888366699j),(-0.4570770263671875+0.27263468503952026j),(-0.4570770263671875-0.27263468503952026j),(0.06326089799404144+0.5033348202705383j),(0.06326089799404144-0.5033348202705383j),(0.22925636172294617+0.44443953037261963j),(0.22925636172294617-0.44443953037261963j),(0.009171923622488976+0.4905782639980316j),(0.009171923622488976-0.4905782639980316j),(0.45114898681640625+0.18255124986171722j),(0.45114898681640625-0.18255124986171722j),(-0.16846230626106262+0.44765162467956543j),(-0.16846230626106262-0.44765162467956543j),(0.37621864676475525+0.2686487138271332j),(0.37621864676475525-0.2686487138271332j),(0.15638090670108795+0.4222313463687897j),(0.15638090670108795-0.4222313463687897j),(-0.43228673934936523+0.18212202191352844j),(-0.43228673934936523-0.18212202191352844j),(0.265922486782074+0.35514533519744873j),(0.265922486782074-0.35514533519744873j),(-0.38744819164276123+0.23962849378585815j),(-0.38744819164276123-0.23962849378585815j),(-0.2855779230594635+0.3331213593482971j),(-0.2855779230594635-0.3331213593482971j),(0.3689071536064148+0.17414860427379608j),(0.3689071536064148-0.17414860427379608j),(0.19042269885540009+0.3457060158252716j),(0.19042269885540009-0.3457060158252716j),(0.011249849572777748+0.399168998003006j),(0.011249849572777748-0.399168998003006j),(0.39826998114585876+0.08697555959224701j),(0.39826998114585876-0.08697555959224701j),(-0.050252120941877365+0.4014183580875397j),(-0.050252120941877365-0.4014183580875397j),(-0.42403995990753174+0.04193399101495743j),(-0.42403995990753174-0.04193399101495743j),(-0.3781723082065582+0.17158277332782745j),(-0.3781723082065582-0.17158277332782745j),(-0.21747492253780365+0.34212756156921387j),(-0.21747492253780365-0.34212756156921387j),(0.35041511058807373+0j),(0.2707188129425049+0.2369585633277893j),(0.2707188129425049-0.2369585633277893j),(0.34975650906562805+0.12258931994438171j),(0.34975650906562805-0.12258931994438171j),(-0.39096662402153015+0.0734463706612587j),(-0.39096662402153015-0.0734463706612587j),(-0.12169087678194046+0.3546108305454254j),(-0.12169087678194046-0.3546108305454254j),(0.18292933702468872+0.27983757853507996j),(0.18292933702468872-0.27983757853507996j),(0.3302246630191803+0.0421338826417923j),(0.3302246630191803-0.0421338826417923j),(-0.0027362031396478415+0.33879226446151733j),(-0.0027362031396478415-0.33879226446151733j),(-0.23379792273044586+0.27555593848228455j),(-0.23379792273044586-0.27555593848228455j),(-0.17402678728103638+0.30608952045440674j),(-0.17402678728103638-0.30608952045440674j),(0.27647915482521057+0.1473798304796219j),(0.27647915482521057-0.1473798304796219j),(-0.2998683750629425+0.1579909324645996j),(-0.2998683750629425-0.1579909324645996j),(-0.3140723407268524+0.08743031322956085j),(-0.3140723407268524-0.08743031322956085j),(-0.18866421282291412+0.2568540573120117j),(-0.18866421282291412-0.2568540573120117j),(-0.31303244829177856+0.012737862765789032j),(-0.31303244829177856-0.012737862765789032j),(0.2349879890680313+0.12048009783029556j),(0.2349879890680313-0.12048009783029556j),(-0.25085023045539856+0.13121768832206726j),(-0.25085023045539856-0.13121768832206726j),(0.12195508182048798+0.21825726330280304j),(0.12195508182048798-0.21825726330280304j),(0.19831401109695435+0.137843519449234j),(0.19831401109695435-0.137843519449234j),(-0.24516725540161133+0j),(0.046767085790634155+0.21523873507976532j),(0.046767085790634155-0.21523873507976532j),(-0.002730940468609333+0.23131220042705536j),(-0.002730940468609333-0.23131220042705536j),(0.2078343778848648+0j),(-0.13784871995449066+0.18060873448848724j),(-0.13784871995449066-0.18060873448848724j),(-0.06307750195264816+0.20087336003780365j),(-0.06307750195264816-0.20087336003780365j),(-0.1349099576473236+0.11409098654985428j),(-0.1349099576473236-0.11409098654985428j),(-0.01249265018850565+0.16041962802410126j),(-0.01249265018850565-0.16041962802410126j),(0.07260409742593765+0.08441384881734848j),(0.07260409742593765-0.08441384881734848j),(-0.14218759536743164+0.01670796610414982j),(-0.14218759536743164-0.01670796610414982j),(0.10950946062803268+0j),(0.07989447563886642+0j),(-0.05374983698129654+0.0937599167227745j),(-0.05374983698129654-0.0937599167227745j),(-0.0038380741607397795+0j),(-0.013891865499317646+0.03012213669717312j),(-0.013891865499317646-0.03012213669717312j)
(1.0159300565719604+0j),(0.6808377504348755+0j),(-0.6283519864082336+0j),(0.3563860058784485+0.48177868127822876j),(0.3563860058784485-0.48177868127822876j),(0.2403378039598465+0.5383486747741699j),(0.2403378039598465-0.5383486747741699j),(0.5712461471557617+0.04142870381474495j),(0.5712461471557617-0.04142870381474495j),(0.4153123199939728+0.3653423488140106j),(0.4153123199939728-0.3653423488140106j),(0.5377107262611389+0.1316390186548233j),(0.5377107262611389-0.1316390186548233j),(0.4680706560611725+0.2607576251029968j),(0.4680706560611725-0.2607576251029968j),(0.4990057051181793+0j),(-0.5467875599861145+0.08603445440530777j),(-0.5467875599861145-0.08603445440530777j),(-0.14661802351474762+0.5161406397819519j),(-0.14661802351474762-0.5161406397819519j),(-0.35379746556282043+0.40994560718536377j),(-0.35379746556282043-0.40994560718536377j),(-0.1884351372718811+0.49440738558769226j),(-0.1884351372718811-0.49440738558769226j),(-0.32754456996917725+0.422130823135376j),(-0.32754456996917725-0.422130823135376j),(0.061556681990623474+0.5019243955612183j),(0.061556681990623474-0.5019243955612183j),(-0.4563412070274353+0.273223876953125j),(-0.4563412070274353-0.273223876953125j),(0.22897423803806305+0.44257795810699463j),(0.22897423803806305-0.44257795810699463j),(0.011472455225884914+0.49543100595474243j),(0.011472455225884914-0.49543100595474243j),(0.454912930727005+0.1770842969417572j),(0.454912930727005-0.1770842969417572j),(0.3798793852329254+0.26621001958847046j),(0.3798793852329254-0.26621001958847046j),(-0.1654905378818512+0.44784262776374817j),(-0.1654905378818512-0.44784262776374817j),(0.16104798018932343+0.4196254312992096j),(0.16104798018932343-0.4196254312992096j),(0.2662058174610138+0.35065367817878723j),(0.2662058174610138-0.35065367817878723j),(-0.4375505745410919+0.18125469982624054j),(-0.4375505745410919-0.18125469982624054j),(-0.3863081932067871+0.24078194797039032j),(-0.3863081932067871-0.24078194797039032j),(0.3769850730895996+0.17478953301906586j),(0.3769850730895996-0.17478953301906586j),(0.39950814843177795+0.08397769182920456j),(0.39950814843177795-0.08397769182920456j),(0.013625510036945343+0.4048924744129181j),(0.013625510036945343-0.4048924744129181j),(0.18481655418872833+0.3430195748806j),(0.18481655418872833-0.3430195748806j),(-0.28792309761047363+0.33102840185165405j),(-0.28792309761047363-0.33102840185165405j),(-0.05022142082452774+0.4015375077724457j),(-0.05022142082452774-0.4015375077724457j),(0.35409510135650635+0.12360651791095734j),(0.35409510135650635-0.12360651791095734j),(-0.42173081636428833+0.04375603422522545j),(-0.42173081636428833-0.04375603422522545j),(0.35808128118515015+0j),(-0.3775721788406372+0.17067192494869232j),(-0.3775721788406372-0.17067192494869232j),(0.27412062883377075+0.2373959720134735j),(0.27412062883377075-0.2373959720134735j),(-0.21700873970985413+0.3457071781158447j),(-0.21700873970985413-0.3457071781158447j),(-0.39538681507110596+0.0733238160610199j),(-0.39538681507110596-0.0733238160610199j),(0.3317260146141052+0.031121592968702316j),(0.3317260146141052-0.031121592968702316j),(-0.11463354527950287+0.35399705171585083j),(-0.11463354527950287-0.35399705171585083j),(0.18118727207183838+0.27712881565093994j),(0.18118727207183838-0.27712881565093994j),(0.00045588097418658435+0.33623355627059937j),(0.00045588097418658435-0.33623355627059937j),(-0.1761874258518219+0.3067976236343384j),(-0.1761874258518219-0.3067976236343384j),(-0.23254820704460144+0.27382776141166687j),(-0.23254820704460144-0.27382776141166687j),(-0.3016311824321747+0.16337507963180542j),(-0.3016311824321747-0.16337507963180542j),(0.27053147554397583+0.15405410528182983j),(0.27053147554397583-0.15405410528182983j),(-0.31200140714645386+0.08207833021879196j),(-0.31200140714645386-0.08207833021879196j),(-0.19133689999580383+0.25330850481987j),(-0.19133689999580383-0.25330850481987j),(-0.3138810694217682+0.010121788829565048j),(-0.3138810694217682-0.010121788829565048j),(0.24943968653678894+0.10903708636760712j),(0.24943968653678894-0.10903708636760712j),(-0.243819460272789+0.12957613170146942j),(-0.243819460272789-0.12957613170146942j),(0.12518393993377686+0.22631467878818512j),(0.12518393993377686-0.22631467878818512j),(0.196844682097435+0.14162929356098175j),(0.196844682097435-0.14162929356098175j),(-0.006714855786412954+0.2346966713666916j),(-0.006714855786412954-0.2346966713666916j),(0.056711480021476746+0.21363011002540588j),(0.056711480021476746-0.21363011002540588j),(0.21258287131786346+0j),(-0.23754870891571045+0j),(-0.13711807131767273+0.17906787991523743j),(-0.13711807131767273-0.17906787991523743j),(-0.06257748603820801+0.20122013986110687j),(-0.06257748603820801-0.20122013986110687j),(-0.1353110820055008+0.11117389053106308j),(-0.1353110820055008-0.11117389053106308j),(-0.014671780169010162+0.15197224915027618j),(-0.014671780169010162-0.15197224915027618j),(0.06817825138568878+0.08178947865962982j),(0.06817825138568878-0.08178947865962982j),(0.004644455853849649+0j),(-0.1407136768102646+0.015243480913341045j),(-0.1407136768102646-0.015243480913341045j),(0.09471813589334488+0.009048868902027607j),(0.09471813589334488-0.009048868902027607j),(-0.05615175515413284+0.09521609544754028j),(-0.05615175515413284-0.09521609544754028j),(-0.013048470951616764+0.02062811143696308j),(-0.013048470951616764-0.02062811143696308j)
(0.9595454931259155+0j),(0.6809061169624329+0j),(-0.6259261965751648+0j),(0.3604081869125366+0.4713670611381531j),(0.3604081869125366-0.4713670611381531j),(0.23999963700771332+0.5368988513946533j),(0.23999963700771332-0.5368988513946533j),(0.5750816464424133+0.03280613571405411j),(0.5750816464424133-0.03280613571405411j),(0.5595455169677734+0.11633418500423431j),(0.5595455169677734-0.11633418500423431j),(0.41967320442199707+0.3622039556503296j),(0.41967320442199707-0.3622039556503296j),(0.46515145897865295+0.2585504949092865j),(0.46515145897865295-0.2585504949092865j),(-0.14718946814537048+0.5158872008323669j),(-0.14718946814537048-0.5158872008323669j),(-0.5385538339614868+0.08776893466711044j),(-0.5385538339614868-0.08776893466711044j),(-0.3478749096393585+0.4153107702732086j),(-0.3478749096393585-0.4153107702732086j),(-0.18591658771038055+0.49702298641204834j),(-0.18591658771038055-0.49702298641204834j),(-0.33100390434265137+0.4174184203147888j),(-0.33100390434265137-0.4174184203147888j),(0.0613759383559227+0.5081784129142761j),(0.0613759383559227-0.5081784129142761j),(-0.4576627016067505+0.2733604907989502j),(-0.4576627016067505-0.2733604907989502j),(0.49509069323539734+0j),(0.23421327769756317+0.4399821162223816j),(0.23421327769756317-0.4399821162223816j),(0.00622081384062767+0.49225667119026184j),(0.00622081384062767-0.49225667119026184j),(0.4559144079685211+0.1725461333990097j),(0.4559144079685211-0.1725461333990097j),(0.384966105222702+0.26810988783836365j),(0.384966105222702-0.26810988783836365j),(-0.16352398693561554+0.4477901756763458j),(-0.16352398693561554-0.4477901756763458j),(0.16502946615219116+0.4159344434738159j),(0.16502946615219116-0.4159344434738159j),(-0.4319935142993927+0.18241481482982635j),(-0.4319935142993927-0.18241481482982635j),(-0.3894030749797821+0.23663100600242615j),(-0.3894030749797821-0.23663100600242615j),(0.2573234438896179+0.35016730427742004j),(0.2573234438896179-0.35016730427742004j),(0.0332808680832386+0.4066150486469269j),(0.0332808680832386-0.4066150486469269j),(-0.2855367362499237+0.3268473148345947j),(-0.2855367362499237-0.3268473148345947j),(-0.21936413645744324+0.35707342624664307j),(-0.21936413645744324-0.35707342624664307j),(-0.048495735973119736+0.401795357465744j),(-0.048495735973119736-0.401795357465744j),(0.3764854371547699+0.16830827295780182j),(0.3764854371547699-0.16830827295780182j),(0.4057903289794922+0.08110563457012177j),(0.4057903289794922-0.08110563457012177j),(-0.38313642144203186+0.17338958382606506j),(-0.38313642144203186-0.17338958382606506j),(-0.4182344377040863+0.044390205293893814j),(-0.4182344377040863-0.044390205293893814j),(0.18425729870796204+0.33705413341522217j),(0.18425729870796204-0.33705413341522217j),(-0.39973413944244385+0.06753737479448318j),(-0.39973413944244385-0.06753737479448318j),(0.35643601417541504+0.13650324940681458j),(0.35643601417541504-0.13650324940681458j),(0.3620454967021942+0j),(-0.11202239990234375+0.35651037096977234j),(-0.11202239990234375-0.35651037096977234j),(0.2703075706958771+0.22648885846138j),(0.2703075706958771-0.22648885846138j),(-0.18282555043697357+0.303541362285614j),(-0.18282555043697357-0.303541362285614j),(-0.22364749014377594+0.27286165952682495j),(-0.22364749014377594-0.27286165952682495j),(0.3353175222873688+0.04653025418519974j),(0.3353175222873688-0.04653025418519974j),(-0.006630735471844673+0.3264712691307068j),(-0.006630735471844673-0.3264712691307068j),(0.16705889999866486+0.2792244851589203j),(0.16705889999866486-0.2792244851589203j),(-0.29955238103866577+0.16294535994529724j),(-0.29955238103866577-0.16294535994529724j),(-0.31705242395401+0.08478348702192307j),(-0.31705242395401-0.08478348702192307j),(0.27150362730026245+0.15215997397899628j),(0.27150362730026245-0.15215997397899628j),(-0.18675076961517334+0.25166642665863037j),(-0.18675076961517334-0.25166642665863037j),(-0.31253182888031006+0.007425675168633461j),(-0.31253182888031006-0.007425675168633461j),(0.14340156316757202+0.2354935109615326j),(0.14340156316757202-0.2354935109615326j),(0.2486908882856369+0.11292921751737595j),(0.2486908882856369-0.11292921751737595j),(-0.23984873294830322+0.13482365012168884j),(-0.23984873294830322-0.13482365012168884j),(0.20456351339817047+0.14341910183429718j),(0.20456351339817047-0.14341910183429718j),(-0.002506420249119401+0.23483671247959137j),(-0.002506420249119401-0.23483671247959137j),(0.22063805162906647+0j),(-0.24194477498531342+0j),(0.050815921276807785+0.2110866904258728j),(0.050815921276807785-0.2110866904258728j),(-0.13642480969429016+0.1738068163394928j),(-0.13642480969429016-0.1738068163394928j),(-0.06629317253828049+0.1962437629699707j),(-0.06629317253828049-0.1962437629699707j),(-0.13414444029331207+0.10999365150928497j),(-0.13414444029331207-0.10999365150928497j),(0.07451473921537399+0.08279164880514145j),(0.07451473921537399-0.08279164880514145j),(-0.012973491102457047+0.14437521994113922j),(-0.012973491102457047-0.14437521994113922j),(0.10074607282876968+0.02032332867383957j),(0.10074607282876968-0.02032332867383957j),(-0.13550619781017303+0.018887612968683243j),(-0.13550619781017303-0.018887612968683243j),(-0.029045531526207924+0j),(-0.06701594591140747+0.08820725977420807j),(-0.06701594591140747-0.08820725977420807j),(0.00886085256934166+0.02305731363594532j),(0.00886085256934166-0.02305731363594532j)
(1.0235841274261475+0j),(0.6819283366203308+0j),(0.6025023460388184+0j),(0.3613983988761902+0.46743911504745483j),(0.3613983988761902-0.46743911504745483j),(0.5678873658180237+0.109367735683918j),(0.5678873658180237-0.109367735683918j),(0.23776637017726898+0.5341795086860657j),(0.23776637017726898-0.5341795086860657j),(-0.625022292137146+0j),(0.42278939485549927+0.35770636796951294j),(0.42278939485549927-0.35770636796951294j),(0.5562187433242798+0j),(0.47360652685165405+0.2553098499774933j),(0.47360652685165405-0.2553098499774933j),(0.49866726994514465+0j),(-0.14366744458675385+0.5129200220108032j),(-0.14366744458675385-0.5129200220108032j),(-0.3374316692352295+0.4228500425815582j),(-0.3374316692352295-0.4228500425815582j),(-0.18548353016376495+0.49588510394096375j),(-0.18548353016376495-0.49588510394096375j),(-0.33988258242607117+0.4124147593975067j),(-0.33988258242607117-0.4124147593975067j),(-0.46135953068733215+0.27388229966163635j),(-0.46135953068733215-0.27388229966163635j),(-0.5359538793563843+0.09041444957256317j),(-0.5359538793563843-0.09041444957256317j),(0.057715605944395065+0.5085283517837524j),(0.057715605944395065-0.5085283517837524j),(0.23083890974521637+0.4415084421634674j),(0.23083890974521637-0.4415084421634674j),(0.45918959379196167+0.16382569074630737j),(0.45918959379196167-0.16382569074630737j),(0.006021175067871809+0.48795321583747864j),(0.006021175067871809-0.48795321583747864j),(0.3924520015716553+0.2603720426559448j),(0.3924520015716553-0.2603720426559448j),(-0.16254331171512604+0.4500015079975128j),(-0.16254331171512604-0.4500015079975128j),(0.260711669921875+0.35508713126182556j),(0.260711669921875-0.35508713126182556j),(0.16866333782672882+0.4078967571258545j),(0.16866333782672882-0.4078967571258545j),(-0.42825615406036377+0.17426274716854095j),(-0.42825615406036377-0.17426274716854095j),(-0.3885384798049927+0.23775523900985718j),(-0.3885384798049927-0.23775523900985718j),(0.4148608148097992+0.08725672960281372j),(0.4148608148097992-0.08725672960281372j),(-0.2858954668045044+0.32252737879753113j),(-0.2858954668045044-0.32252737879753113j),(-0.21561655402183533+0.3638662099838257j),(-0.21561655402183533-0.3638662099838257j),(0.037670742720365524+0.4078204035758972j),(0.037670742720365524-0.4078204035758972j),(-0.3877595067024231+0.17464008927345276j),(-0.3877595067024231-0.17464008927345276j),(-0.0389663428068161+0.3996829390525818j),(-0.0389663428068161-0.3996829390525818j),(0.38318589329719543+0.14495225250720978j),(0.38318589329719543-0.14495225250720978j),(0.1924629807472229+0.3404923975467682j),(0.1924629807472229-0.3404923975467682j),(-0.4120103418827057+0.04244469478726387j),(-0.4120103418827057-0.04244469478726387j),(0.3682176172733307+0j),(0.3493615686893463+0.16078706085681915j),(0.3493615686893463-0.16078706085681915j),(-0.3989768624305725+0.05795411020517349j),(-0.3989768624305725-0.05795411020517349j),(-0.1042918786406517+0.35718202590942383j),(-0.1042918786406517-0.35718202590942383j),(-0.23383010923862457+0.28466707468032837j),(-0.23383010923862457-0.28466707468032837j),(0.27213671803474426+0.22087278962135315j),(0.27213671803474426-0.22087278962135315j),(0.32837244868278503+0.048488933593034744j),(0.32837244868278503-0.048488933593034744j),(-0.18020306527614594+0.29770007729530334j),(-0.18020306527614594-0.29770007729530334j),(-0.006437449250370264+0.3271975517272949j),(-0.006437449250370264-0.3271975517272949j),(-0.2996160686016083+0.1668379306793213j),(-0.2996160686016083-0.1668379306793213j),(0.1575743854045868+0.27923765778541565j),(0.1575743854045868-0.27923765778541565j),(0.27879393100738525+0.14500442147254944j),(0.27879393100738525-0.14500442147254944j),(-0.3088431656360626+0.08013000339269638j),(-0.3088431656360626-0.08013000339269638j),(-0.313374787569046+0.007928569801151752j),(-0.313374787569046-0.007928569801151752j),(-0.18056224286556244+0.24848541617393494j),(-0.18056224286556244-0.24848541617393494j),(0.15257252752780914+0.23688319325447083j),(0.15257252752780914-0.23688319325447083j),(0.24325834214687347+0.12339403480291367j),(0.24325834214687347-0.12339403480291367j),(0.21750806272029877+0.14077872037887573j),(0.21750806272029877-0.14077872037887573j),(-0.23588688671588898+0.1317138373851776j),(-0.23588688671588898-0.1317138373851776j),(-0.006148518528789282+0.23653459548950195j),(-0.006148518528789282-0.23653459548950195j),(0.21269139647483826+0j),(0.04895087331533432+0.21763993799686432j),(0.04895087331533432-0.21763993799686432j),(-0.24302314221858978+0j),(-0.06515444815158844+0.19946153461933136j),(-0.06515444815158844-0.19946153461933136j),(-0.13622836768627167+0.16711023449897766j),(-0.13622836768627167-0.16711023449897766j),(-0.13990852236747742+0.11077854037284851j),(-0.13990852236747742-0.11077854037284851j),(0.1078430786728859+0.04688115417957306j),(0.1078430786728859-0.04688115417957306j),(0.06357622891664505+0.08702335506677628j),(0.06357622891664505-0.08702335506677628j),(0.0358203649520874+0j),(-0.1400996893644333+0.022201891988515854j),(-0.1400996893644333-0.022201891988515854j),(0.0027542097959667444+0.10585956275463104j),(0.0027542097959667444-0.10585956275463104j),(-0.060066260397434235+0.0969226285815239j),(-0.060066260397434235-0.0969226285815239j),(-0.0033903333824127913+0j),(-0.032498303800821304+0j)
(1.0095083713531494+0j),(0.684100329875946+0j),(0.6418032050132751+0j),(-0.6256352663040161+0j),(0.361121267080307+0.46095985174179077j),(0.361121267080307-0.46095985174179077j),(0.5714879631996155+0.11063296347856522j),(0.5714879631996155-0.11063296347856522j),(0.24036037921905518+0.5303496718406677j),(0.24036037921905518-0.5303496718406677j),(0.42466768622398376+0.350881427526474j),(0.42466768622398376-0.350881427526474j),(0.5571510791778564+0j),(0.47440996766090393+0.25641679763793945j),(0.47440996766090393-0.25641679763793945j),(-0.3445852994918823+0.425675630569458j),(-0.3445852994918823-0.425675630569458j),(-0.14225150644779205+0.5138269662857056j),(-0.14225150644779205-0.5138269662857056j),(-0.4591151773929596+0.27335330843925476j),(-0.4591151773929596-0.27335330843925476j),(-0.5342687368392944+0.09085644036531448j),(-0.5342687368392944-0.09085644036531448j),(-0.1835716962814331+0.4953807294368744j),(-0.1835716962814331-0.4953807294368744j),(-0.33284586668014526+0.40848278999328613j),(-0.33284586668014526-0.40848278999328613j),(0.055186036974191666+0.5079348683357239j),(0.055186036974191666-0.5079348683357239j),(0.49015992879867554+0j),(0.23243363201618195+0.4392538368701935j),(0.23243363201618195-0.4392538368701935j),(0.012178263626992702+0.4875503480434418j),(0.012178263626992702-0.4875503480434418j),(-0.16170279681682587+0.45001572370529175j),(-0.16170279681682587-0.45001572370529175j),(0.4610435664653778+0.15765255689620972j),(0.4610435664653778-0.15765255689620972j),(0.396443247795105+0.25313296914100647j),(0.396443247795105-0.25313296914100647j),(-0.4332732558250427+0.17371168732643127j),(-0.4332732558250427-0.17371168732643127j),(-0.3856065273284912+0.23970705270767212j),(-0.3856065273284912-0.23970705270767212j),(0.16971375048160553+0.40228796005249023j),(0.16971375048160553-0.40228796005249023j),(0.2567812204360962+0.3512296974658966j),(0.2567812204360962-0.3512296974658966j),(0.035886384546756744+0.4096164107322693j),(0.035886384546756744-0.4096164107322693j),(-0.21353007853031158+0.36524510383605957j),(-0.21353007853031158-0.36524510383605957j),(-0.2798517644405365+0.3280864655971527j),(-0.2798517644405365-0.3280864655971527j),(0.42546346783638+0.0836651474237442j),(0.42546346783638-0.0836651474237442j),(-0.03724602609872818+0.39962542057037354j),(-0.03724602609872818-0.39962542057037354j),(-0.3804572820663452+0.17020419239997864j),(-0.3804572820663452-0.17020419239997864j),(0.19778233766555786+0.34675437211990356j),(0.19778233766555786-0.34675437211990356j),(0.38033950328826904+0.14753904938697815j),(0.38033950328826904-0.14753904938697815j),(-0.40478160977363586+0.0668773278594017j),(-0.40478160977363586-0.0668773278594017j),(-0.407732218503952+0.03647333383560181j),(-0.407732218503952-0.03647333383560181j),(0.37432926893234253+0j),(0.3476784825325012+0.15453922748565674j),(0.3476784825325012-0.15453922748565674j),(-0.24523305892944336+0.2840178608894348j),(-0.24523305892944336-0.2840178608894348j),(-0.0999702513217926+0.35409483313560486j),(-0.0999702513217926-0.35409483313560486j),(0.2864707112312317+0.21259111166000366j),(0.2864707112312317-0.21259111166000366j),(-0.17392848432064056+0.3003653585910797j),(-0.17392848432064056-0.3003653585910797j),(0.31864574551582336+0.04651825875043869j),(0.31864574551582336-0.04651825875043869j),(-0.012239223346114159+0.3225668966770172j),(-0.012239223346114159-0.3225668966770172j),(-0.2932002544403076+0.16816577315330505j),(-0.2932002544403076-0.16816577315330505j),(0.14414432644844055+0.2755149006843567j),(0.14414432644844055-0.2755149006843567j),(0.2735869288444519+0.15226826071739197j),(0.2735869288444519-0.15226826071739197j),(0.2742360830307007+0.13453848659992218j),(0.2742360830307007-0.13453848659992218j),(-0.30959972739219666+0j),(-0.3132880628108978+0.0782695785164833j),(-0.3132880628108978-0.0782695785164833j),(0.1651952713727951+0.24373272061347961j),(0.1651952713727951-0.24373272061347961j),(-0.17837058007717133+0.24490386247634888j),(-0.17837058007717133-0.24490386247634888j),(-0.3039219379425049+0j),(0.20986640453338623+0.13606402277946472j),(0.20986640453338623-0.13606402277946472j),(-0.2280387282371521+0.13342702388763428j),(-0.2280387282371521-0.13342702388763428j),(-0.010973085649311543+0.24030795693397522j),(-0.010973085649311543-0.24030795693397522j),(0.0501372404396534+0.22402693331241608j),(0.0501372404396534-0.22402693331241608j),(0.21246732771396637+0j),(-0.2516433298587799+0j),(-0.13964088261127472+0.1619676798582077j),(-0.13964088261127472-0.1619676798582077j),(-0.06310594826936722+0.19720667600631714j),(-0.06310594826936722-0.19720667600631714j),(-0.14597395062446594+0.10585804283618927j),(-0.14597395062446594-0.10585804283618927j),(0.11127389967441559+0.05159451439976692j),(0.11127389967441559-0.05159451439976692j),(0.056426867842674255+0.09350651502609253j),(0.056426867842674255-0.09350651502609253j),(-0.1417333334684372+0.023121068254113197j),(-0.1417333334684372-0.023121068254113197j),(0.009382344782352448+0.09632688015699387j),(0.009382344782352448-0.09632688015699387j),(-0.05609021708369255+0.1028028279542923j),(-0.05609021708369255-0.1028028279542923j),(-0.035727180540561676+0j),(0.02988613024353981+0j),(0.0009250312577933073+0j)
(1.0422874689102173+0j),(0.7242392897605896+0j),(0.6790773272514343+0j),(-0.6254650950431824+0j),(0.3784637749195099+0.4560029208660126j),(0.3784637749195099-0.4560029208660126j),(0.23562704026699066+0.5242208242416382j),(0.23562704026699066-0.5242208242416382j),(0.555474579334259+0j),(0.5538236498832703+0.10331667959690094j),(0.5538236498832703-0.10331667959690094j),(0.4279419481754303+0.347773939371109j),(0.4279419481754303-0.347773939371109j),(-0.34943580627441406+0.4168509840965271j),(-0.34943580627441406-0.4168509840965271j),(-0.3246627449989319+0.4246310591697693j),(-0.3246627449989319-0.4246310591697693j),(-0.14136911928653717+0.5140409469604492j),(-0.14136911928653717-0.5140409469604492j),(-0.18136799335479736+0.49672800302505493j),(-0.18136799335479736-0.49672800302505493j),(-0.462135910987854+0.27149996161460876j),(-0.462135910987854-0.27149996161460876j),(-0.5352122187614441+0.09163898229598999j),(-0.5352122187614441-0.09163898229598999j),(0.4733072519302368+0.24247604608535767j),(0.4733072519302368-0.24247604608535767j),(0.04561319574713707+0.5070169568061829j),(0.04561319574713707-0.5070169568061829j),(0.523177981376648+0j),(0.23258410394191742+0.4356963038444519j),(0.23258410394191742-0.4356963038444519j),(0.005534447263926268+0.472988486289978j),(0.005534447263926268-0.472988486289978j),(-0.15704944729804993+0.4519948959350586j),(-0.15704944729804993-0.4519948959350586j),(0.45062947273254395+0.1572190523147583j),(0.45062947273254395-0.1572190523147583j),(0.47739502787590027+0.03316580504179001j),(0.47739502787590027-0.03316580504179001j),(0.45645490288734436+0j),(0.06485576182603836+0.4367980360984802j),(0.06485576182603836-0.4367980360984802j),(0.3903060853481293+0.22764500975608826j),(0.3903060853481293-0.22764500975608826j),(-0.3879735767841339+0.23687238991260529j),(-0.3879735767841339-0.23687238991260529j),(-0.4238188862800598+0.1758807748556137j),(-0.4238188862800598-0.1758807748556137j),(0.26928582787513733+0.33244621753692627j),(0.26928582787513733-0.33244621753692627j),(0.19669611752033234+0.3732222616672516j),(0.19669611752033234-0.3732222616672516j),(-0.2155413031578064+0.37043240666389465j),(-0.2155413031578064-0.37043240666389465j),(-0.28504058718681335+0.3203468322753906j),(-0.28504058718681335-0.3203468322753906j),(0.15491214394569397+0.3660191297531128j),(0.15491214394569397-0.3660191297531128j),(-0.3879753351211548+0.1642395406961441j),(-0.3879753351211548-0.1642395406961441j),(-0.03942977637052536+0.39637067914009094j),(-0.03942977637052536-0.39637067914009094j),(0.35721302032470703+0.1940590888261795j),(0.35721302032470703-0.1940590888261795j),(-0.404756635427475+0.07600589841604233j),(-0.404756635427475-0.07600589841604233j),(0.3649581968784332+0j),(-0.39975714683532715+0.02791854366660118j),(-0.39975714683532715-0.02791854366660118j),(0.36022812128067017+0.09515216201543808j),(0.36022812128067017-0.09515216201543808j),(0.29430028796195984+0.2211776226758957j),(0.29430028796195984-0.2211776226758957j),(-0.09966730326414108+0.3552960157394409j),(-0.09966730326414108-0.3552960157394409j),(-0.24266979098320007+0.2857905626296997j),(-0.24266979098320007-0.2857905626296997j),(0.3180215060710907+0j),(-0.16397882997989655+0.2898305058479309j),(-0.16397882997989655-0.2898305058479309j),(0.17836567759513855+0.2605229914188385j),(0.17836567759513855-0.2605229914188385j),(0.14006240665912628+0.28064727783203125j),(0.14006240665912628-0.28064727783203125j),(-0.2885645627975464+0.16027840971946716j),(-0.2885645627975464-0.16027840971946716j),(-0.3151487708091736+0.08195453137159348j),(-0.3151487708091736-0.08195453137159348j),(-0.1780869960784912+0.25113043189048767j),(-0.1780869960784912-0.25113043189048767j),(0.2763584554195404+0.12006698548793793j),(0.2763584554195404-0.12006698548793793j),(0.24028611183166504+0.16465848684310913j),(0.24028611183166504-0.16465848684310913j),(-0.3023063838481903+0j),(-0.019233589991927147+0.2820221483707428j),(-0.019233589991927147-0.2820221483707428j),(-0.2823740541934967+0j),(-0.2452279031276703+0.14881208539009094j),(-0.2452279031276703-0.14881208539009094j),(0.24629712104797363+0j),(0.21405312418937683+0.12249349057674408j),(0.21405312418937683-0.12249349057674408j),(-0.011208456940948963+0.2557404339313507j),(-0.011208456940948963-0.2557404339313507j),(-0.25646623969078064+0j),(0.03971032798290253+0.226762056350708j),(0.03971032798290253-0.226762056350708j),(-0.050328899174928665+0.1968025118112564j),(-0.050328899174928665-0.1968025118112564j),(-0.13472533226013184+0.14992478489875793j),(-0.13472533226013184-0.14992478489875793j),(-0.15409111976623535+0.10533147305250168j),(-0.15409111976623535-0.10533147305250168j),(-0.04817437753081322+0j),(0.11996538192033768+0.05954043194651604j),(0.11996538192033768-0.05954043194651604j),(0.0365937277674675+0.1171673983335495j),(0.0365937277674675-0.1171673983335495j),(-0.14996953308582306+0.02302967570722103j),(-0.14996953308582306-0.02302967570722103j),(0.05307823047041893+0.07589173316955566j),(0.05307823047041893-0.07589173316955566j),(-0.04922298341989517+0.10506685823202133j),(-0.04922298341989517-0.10506685823202133j),(0.009260836988687515+0.007801550906151533j),(0.009260836988687515-0.007801550906151533j)
(1.03066885471344+0j),(0.7631270885467529+0j),(-0.6239521503448486+0j),(0.6776476502418518+0j),(0.38233229517936707+0.4522312879562378j),(0.38233229517936707-0.4522312879562378j),(0.6110972166061401+0j),(0.23848740756511688+0.5224502682685852j),(0.23848740756511688-0.5224502682685852j),(0.5719049572944641+0j),(0.4359591603279114+0.3416556715965271j),(0.4359591603279114-0.3416556715965271j),(-0.3535851836204529+0.42387422919273376j),(-0.3535851836204529-0.42387422919273376j),(-0.5354973673820496+0.09134690463542938j),(-0.5354973673820496-0.09134690463542938j),(0.5396916270256042+0.11338985711336136j),(0.5396916270256042-0.11338985711336136j),(-0.46158573031425476+0.2693665623664856j),(-0.46158573031425476-0.2693665623664856j),(-0.1833047717809677+0.49961596727371216j),(-0.1833047717809677-0.49961596727371216j),(-0.1377512514591217+0.5099178552627563j),(-0.1377512514591217-0.5099178552627563j),(0.4719027876853943+0.2371291220188141j),(0.4719027876853943-0.2371291220188141j),(0.509150505065918+0j),(-0.3128490746021271+0.41495609283447266j),(-0.3128490746021271-0.41495609283447266j),(0.03723429888486862+0.5037053227424622j),(0.03723429888486862-0.5037053227424622j),(0.23089668154716492+0.43538156151771545j),(0.23089668154716492-0.43538156151771545j),(0.4558410048484802+0.15700021386146545j),(0.4558410048484802-0.15700021386146545j),(0.01664724573493004+0.4624599516391754j),(0.01664724573493004-0.4624599516391754j),(0.06210402399301529+0.45529186725616455j),(0.06210402399301529-0.45529186725616455j),(0.47058913111686707+0.03861001878976822j),(0.47058913111686707-0.03861001878976822j),(-0.1532709300518036+0.450906366109848j),(-0.1532709300518036-0.450906366109848j),(0.39459720253944397+0.22678042948246002j),(0.39459720253944397-0.22678042948246002j),(0.27748456597328186+0.3224577009677887j),(0.27748456597328186-0.3224577009677887j),(-0.41861191391944885+0.17885975539684296j),(-0.41861191391944885-0.17885975539684296j),(-0.38187211751937866+0.22700515389442444j),(-0.38187211751937866-0.22700515389442444j),(0.19330351054668427+0.36852702498435974j),(0.19330351054668427-0.36852702498435974j),(-0.21165530383586884+0.3721233308315277j),(-0.21165530383586884-0.3721233308315277j),(-0.28364983201026917+0.32955944538116455j),(-0.28364983201026917-0.32955944538116455j),(-0.3996882736682892+0.1590425968170166j),(-0.3996882736682892-0.1590425968170166j),(0.3679080009460449+0j),(-0.4030362069606781+0.07556793093681335j),(-0.4030362069606781-0.07556793093681335j),(-0.0336228683590889+0.39568713307380676j),(-0.0336228683590889-0.39568713307380676j),(0.36085307598114014+0.20166245102882385j),(0.36085307598114014-0.20166245102882385j),(-0.39863160252571106+0.026606710627675056j),(-0.39863160252571106-0.026606710627675056j),(0.1484634280204773+0.3446796238422394j),(0.1484634280204773-0.3446796238422394j),(-0.2537653148174286+0.28533414006233215j),(-0.2537653148174286-0.28533414006233215j),(-0.09324038773775101+0.357718825340271j),(-0.09324038773775101-0.357718825340271j),(0.2986835837364197+0.20226536691188812j),(0.2986835837364197-0.20226536691188812j),(0.34466463327407837+0.10429375618696213j),(0.34466463327407837-0.10429375618696213j),(0.3060716390609741+0j),(0.192245215177536+0.26918262243270874j),(0.192245215177536-0.26918262243270874j),(0.12832480669021606+0.2859801650047302j),(0.12832480669021606-0.2859801650047302j),(-0.28631800413131714+0.16389082372188568j),(-0.28631800413131714-0.16389082372188568j),(-0.15788350999355316+0.28328293561935425j),(-0.15788350999355316-0.28328293561935425j),(-0.31215256452560425+0.09088913351297379j),(-0.31215256452560425-0.09088913351297379j),(-0.17357400059700012+0.2516704499721527j),(-0.17357400059700012-0.2516704499721527j),(0.2821519672870636+0.11712465435266495j),(0.2821519672870636-0.11712465435266495j),(0.2356969267129898+0.1715559959411621j),(0.2356969267129898-0.1715559959411621j),(-0.04824912175536156+0.28482556343078613j),(-0.04824912175536156-0.28482556343078613j),(-0.29445669054985046+0.0016765809850767255j),(-0.29445669054985046-0.0016765809850767255j),(-0.23429284989833832+0.15450526773929596j),(-0.23429284989833832-0.15450526773929596j),(0.2645675837993622+0j),(0.015069806016981602+0.2539924085140228j),(0.015069806016981602-0.2539924085140228j),(-0.24859653413295746+0j),(0.03225241228938103+0.2300594300031662j),(0.03225241228938103-0.2300594300031662j),(0.2060021609067917+0.11756140738725662j),(0.2060021609067917-0.11756140738725662j),(-0.053768258541822433+0.19130678474903107j),(-0.053768258541822433-0.19130678474903107j),(-0.0651906281709671+0j),(-0.13206538558006287+0.14873875677585602j),(-0.13206538558006287-0.14873875677585602j),(-0.16966772079467773+0.0773995965719223j),(-0.16966772079467773-0.0773995965719223j),(0.11903225630521774+0.039570342749357224j),(0.11903225630521774-0.039570342749357224j),(0.0724446177482605+0.07555149495601654j),(0.0724446177482605-0.07555149495601654j),(0.03481927141547203+0.10810891538858414j),(0.03481927141547203-0.10810891538858414j),(-0.13361234962940216+0.050920963287353516j),(-0.13361234962940216-0.050920963287353516j),(-0.047437041997909546+0.09870085120201111j),(-0.047437041997909546-0.09870085120201111j),(-0.010082440450787544+0j),(0.014637326821684837+0j)
(0.9974806904792786+0j),(0.7808099389076233+0j),(-0.6243375539779663+0j),(0.6727797389030457+0j),(0.6272924542427063+0.005008043721318245j),(0.6272924542427063-0.005008043721318245j),(0.38146090507507324+0.4553234577178955j),(0.38146090507507324-0.4553234577178955j),(0.23830825090408325+0.5123065114021301j),(0.23830825090408325-0.5123065114021301j),(-0.35631895065307617+0.42628127336502075j),(-0.35631895065307617-0.42628127336502075j),(-0.5340355634689331+0.09300367534160614j),(-0.5340355634689331-0.09300367534160614j),(0.4333021342754364+0.333630234003067j),(0.4333021342754364-0.333630234003067j),(-0.4586794078350067+0.268623948097229j),(-0.4586794078350067-0.268623948097229j),(0.524471640586853+0j),(0.5335899591445923+0.11462446302175522j),(0.5335899591445923-0.11462446302175522j),(-0.1823682188987732+0.4982813894748688j),(-0.1823682188987732-0.4982813894748688j),(0.4789741337299347+0.23924264311790466j),(0.4789741337299347-0.23924264311790466j),(-0.13681849837303162+0.5069771409034729j),(-0.13681849837303162-0.5069771409034729j),(-0.30693262815475464+0.41302475333213806j),(-0.30693262815475464-0.41302475333213806j),(0.03747760131955147+0.5047504901885986j),(0.03747760131955147-0.5047504901885986j),(0.22692793607711792+0.431801438331604j),(0.22692793607711792-0.431801438331604j),(0.06473996490240097+0.4585396647453308j),(0.06473996490240097-0.4585396647453308j),(0.4578123688697815+0.15495043992996216j),(0.4578123688697815-0.15495043992996216j),(0.477367103099823+0.022866159677505493j),(0.477367103099823-0.022866159677505493j),(-0.14850077033042908+0.45010748505592346j),(-0.14850077033042908-0.45010748505592346j),(-0.0008244761265814304+0.4612260162830353j),(-0.0008244761265814304-0.4612260162830353j),(0.4019727110862732+0.22078706324100494j),(0.4019727110862732-0.22078706324100494j),(-0.3863145112991333+0.2270909994840622j),(-0.3863145112991333-0.2270909994840622j),(-0.420600563287735+0.16757485270500183j),(-0.420600563287735-0.16757485270500183j),(-0.2827337086200714+0.3335314989089966j),(-0.2827337086200714-0.3335314989089966j),(0.21054808795452118+0.3729841113090515j),(0.21054808795452118-0.3729841113090515j),(-0.3960295021533966+0.1724025160074234j),(-0.3960295021533966-0.1724025160074234j),(-0.20593184232711792+0.3741277754306793j),(-0.20593184232711792-0.3741277754306793j),(0.29148298501968384+0.3143673539161682j),(0.29148298501968384-0.3143673539161682j),(-0.40471217036247253+0.07734987884759903j),(-0.40471217036247253-0.07734987884759903j),(-0.40026944875717163+0.027641525492072105j),(-0.40026944875717163-0.027641525492072105j),(-0.028189120814204216+0.3872773349285126j),(-0.028189120814204216-0.3872773349285126j),(0.40651625394821167+0j),(0.3668045103549957+0.19196884334087372j),(0.3668045103549957-0.19196884334087372j),(-0.25391361117362976+0.2864159047603607j),(-0.25391361117362976-0.2864159047603607j),(-0.09376787394285202+0.3597942292690277j),(-0.09376787394285202-0.3597942292690277j),(0.12139472365379333+0.3283403515815735j),(0.12139472365379333-0.3283403515815735j),(0.3511066138744354+0.11255203932523727j),(0.3511066138744354-0.11255203932523727j),(0.1980229765176773+0.26799070835113525j),(0.1980229765176773-0.26799070835113525j),(0.29695165157318115+0.18513599038124084j),(0.29695165157318115-0.18513599038124084j),(0.15115128457546234+0.2918989956378937j),(0.15115128457546234-0.2918989956378937j),(-0.2962076663970947+0.1645539402961731j),(-0.2962076663970947-0.1645539402961731j),(-0.3054606318473816+0j),(0.3027369976043701+0.12323074042797089j),(0.3027369976043701-0.12323074042797089j),(-0.1475738286972046+0.2804810106754303j),(-0.1475738286972046-0.2804810106754303j),(-0.31253576278686523+0.08573032170534134j),(-0.31253576278686523-0.08573032170534134j),(-0.17601430416107178+0.24750292301177979j),(-0.17601430416107178-0.24750292301177979j),(0.23154258728027344+0.18032310903072357j),(0.23154258728027344-0.18032310903072357j),(-0.051238078624010086+0.2916553020477295j),(-0.051238078624010086-0.2916553020477295j),(0.27306464314460754+0.043469950556755066j),(0.27306464314460754-0.043469950556755066j),(-0.22520892322063446+0.15208004415035248j),(-0.22520892322063446-0.15208004415035248j),(0.010829287581145763+0.2458985149860382j),(0.010829287581145763-0.2458985149860382j),(0.048811718821525574+0.23168134689331055j),(0.048811718821525574-0.23168134689331055j),(0.2058655172586441+0.11601218581199646j),(0.2058655172586441-0.11601218581199646j),(-0.25195953249931335+0.017959728837013245j),(-0.25195953249931335-0.017959728837013245j),(-0.06785283237695694+0.18466831743717194j),(-0.06785283237695694-0.18466831743717194j),(-0.1914571225643158+0.06330213695764542j),(-0.1914571225643158-0.06330213695764542j),(-0.1346404105424881+0.147257000207901j),(-0.1346404105424881-0.147257000207901j),(0.12314034253358841+0.059021469205617905j),(0.12314034253358841-0.059021469205617905j),(-0.0695505365729332+0j),(0.04054670408368111+0.11847157776355743j),(0.04054670408368111-0.11847157776355743j),(-0.11870033293962479+0.05527553707361221j),(-0.11870033293962479-0.05527553707361221j),(0.05939029902219772+0.0464666374027729j),(0.05939029902219772-0.0464666374027729j),(-0.03971676528453827+0.09904716908931732j),(-0.03971676528453827-0.09904716908931732j),(0.031094392761588097+0j),(-0.014419497922062874+0j)
(1.0083568096160889+0j),(0.7816808223724365+0j),(-0.6256548166275024+0j),(0.676283597946167+0j),(0.6631156206130981+0.022643208503723145j),(0.6631156206130981-0.022643208503723145j),(0.3811803162097931+0.45227718353271484j),(0.3811803162097931-0.45227718353271484j),(0.23687304556369781+0.5129918456077576j),(0.23687304556369781-0.5129918456077576j),(-0.35475656390190125+0.4250611662864685j),(-0.35475656390190125-0.4250611662864685j),(-0.5319211483001709+0.09423626959323883j),(-0.5319211483001709-0.09423626959323883j),(-0.45569494366645813+0.26778170466423035j),(-0.45569494366645813-0.26778170466423035j),(0.4321686625480652+0.3234393298625946j),(0.4321686625480652-0.3234393298625946j),(-0.18112915754318237+0.4970153570175171j),(-0.18112915754318237-0.4970153570175171j),(-0.13288545608520508+0.5033397674560547j),(-0.13288545608520508-0.5033397674560547j),(0.5330612659454346+0j),(0.46885228157043457+0.248198002576828j),(0.46885228157043457-0.248198002576828j),(0.03998523950576782+0.5010819435119629j),(0.03998523950576782-0.5010819435119629j),(0.5223714709281921+0.12069683521986008j),(0.5223714709281921-0.12069683521986008j),(-0.3101361393928528+0.41069862246513367j),(-0.3101361393928528-0.41069862246513367j),(0.23098459839820862+0.42779842019081116j),(0.23098459839820862-0.42779842019081116j),(-0.00832713395357132+0.4713863730430603j),(-0.00832713395357132-0.4713863730430603j),(0.06856425851583481+0.4602541923522949j),(0.06856425851583481-0.4602541923522949j),(0.4856695234775543+0.022240804508328438j),(0.4856695234775543-0.022240804508328438j),(-0.14588627219200134+0.4474935829639435j),(-0.14588627219200134-0.4474935829639435j),(0.4610815644264221+0.1497655212879181j),(0.4610815644264221-0.1497655212879181j),(-0.3890035152435303+0.22493158280849457j),(-0.3890035152435303-0.22493158280849457j),(-0.411516010761261+0.1779966801404953j),(-0.411516010761261-0.1779966801404953j),(0.42444002628326416+0j),(0.21111878752708435+0.3698500394821167j),(0.21111878752708435-0.3698500394821167j),(-0.4046095311641693+0.16436871886253357j),(-0.4046095311641693-0.16436871886253357j),(0.4054393172264099+0.2052507996559143j),(0.4054393172264099-0.2052507996559143j),(-0.2051125466823578+0.37504273653030396j),(-0.2051125466823578-0.37504273653030396j),(-0.2718682885169983+0.33224058151245117j),(-0.2718682885169983-0.33224058151245117j),(0.29059088230133057+0.28688979148864746j),(0.29059088230133057-0.28688979148864746j),(-0.40463128685951233+0.07535243779420853j),(-0.40463128685951233-0.07535243779420853j),(0.3740251660346985+0.18957340717315674j),(0.3740251660346985-0.18957340717315674j),(-0.3953414559364319+0.034234389662742615j),(-0.3953414559364319-0.034234389662742615j),(-0.2579941749572754+0.29258063435554504j),(-0.2579941749572754-0.29258063435554504j),(-0.024912619963288307+0.3821898400783539j),(-0.024912619963288307-0.3821898400783539j),(0.37923282384872437+0.14951011538505554j),(0.37923282384872437-0.14951011538505554j),(-0.09549345076084137+0.3568689227104187j),(-0.09549345076084137-0.3568689227104187j),(-0.3157404661178589+0j),(0.16872595250606537+0.3075186610221863j),(0.16872595250606537-0.3075186610221863j),(0.1113632395863533+0.3155657947063446j),(0.1113632395863533-0.3155657947063446j),(0.20869570970535278+0.2618718445301056j),(0.20869570970535278-0.2618718445301056j),(0.32554662227630615+0.10426530987024307j),(0.32554662227630615-0.10426530987024307j),(0.2939278185367584+0.1550898253917694j),(0.2939278185367584-0.1550898253917694j),(-0.2936108112335205+0.1677980273962021j),(-0.2936108112335205-0.1677980273962021j),(-0.14756187796592712+0.27700167894363403j),(-0.14756187796592712-0.27700167894363403j),(0.22642336785793304+0.19638685882091522j),(0.22642336785793304-0.19638685882091522j),(-0.17463430762290955+0.25002753734588623j),(-0.17463430762290955-0.25002753734588623j),(-0.3150774836540222+0.08422066271305084j),(-0.3150774836540222-0.08422066271305084j),(-0.05084993317723274+0.2972315549850464j),(-0.05084993317723274-0.2972315549850464j),(0.2788700461387634+0.052629318088293076j),(0.2788700461387634-0.052629318088293076j),(-0.21651020646095276+0.15295277535915375j),(-0.21651020646095276-0.15295277535915375j),(0.009797093458473682+0.2496710568666458j),(0.009797093458473682-0.2496710568666458j),(0.20397603511810303+0.11333030462265015j),(0.20397603511810303-0.11333030462265015j),(-0.24943645298480988+0.023493003100156784j),(-0.24943645298480988-0.023493003100156784j),(0.054168928414583206+0.21914701163768768j),(0.054168928414583206-0.21914701163768768j),(-0.19761881232261658+0.05264224484562874j),(-0.19761881232261658-0.05264224484562874j),(-0.06832452863454819+0.180909663438797j),(-0.06832452863454819-0.180909663438797j),(-0.13060809671878815+0.15030330419540405j),(-0.13060809671878815-0.15030330419540405j),(-0.10696481913328171+0j),(0.11535248160362244+0.06460265070199966j),(0.11535248160362244-0.06460265070199966j),(0.029920494183897972+0.11547932028770447j),(0.029920494183897972-0.11547932028770447j),(-0.09879737347364426+0.049579355865716934j),(-0.09879737347364426-0.049579355865716934j),(-0.025273017585277557+0.10425823926925659j),(-0.025273017585277557-0.10425823926925659j),(0.06612975895404816+0.008045347407460213j),(0.06612975895404816-0.008045347407460213j),(0.01970580406486988+0j),(-0.008717404678463936+0j)
(1.0086870193481445+0j),(0.8229963779449463+0j),(-0.6240695714950562+0j),(0.6992101073265076+0j),(0.6666961312294006+0.01946595497429371j),(0.6666961312294006-0.01946595497429371j),(0.3895847499370575+0.44645991921424866j),(0.3895847499370575-0.44645991921424866j),(0.239670068025589+0.5098601579666138j),(0.239670068025589-0.5098601579666138j),(-0.3566834032535553+0.42686089873313904j),(-0.3566834032535553-0.42686089873313904j),(-0.5322655439376831+0.09851085394620895j),(-0.5322655439376831-0.09851085394620895j),(0.42877310514450073+0.32650116086006165j),(0.42877310514450073-0.32650116086006165j),(-0.45729687809944153+0.2653014063835144j),(-0.45729687809944153-0.2653014063835144j),(0.5482958555221558+0j),(0.4713592231273651+0.2457188218832016j),(0.4713592231273651-0.2457188218832016j),(0.51990807056427+0.13861167430877686j),(0.51990807056427-0.13861167430877686j),(-0.18204200267791748+0.49548810720443726j),(-0.18204200267791748-0.49548810720443726j),(-0.30774030089378357+0.41256463527679443j),(-0.30774030089378357-0.41256463527679443j),(-0.13059721887111664+0.4965749979019165j),(-0.13059721887111664-0.4965749979019165j),(0.03605080395936966+0.501829981803894j),(0.03605080395936966-0.501829981803894j),(0.23101279139518738+0.4220786988735199j),(0.23101279139518738-0.4220786988735199j),(0.4927198886871338+0.019544396549463272j),(0.4927198886871338-0.019544396549463272j),(0.46660423278808594+0.14822421967983246j),(0.46660423278808594-0.14822421967983246j),(-0.013103274628520012+0.47436994314193726j),(-0.013103274628520012-0.47436994314193726j),(0.076163649559021+0.46135440468788147j),(0.076163649559021-0.46135440468788147j),(0.4324612319469452+0j),(-0.14273695647716522+0.44430169463157654j),(-0.14273695647716522-0.44430169463157654j),(0.4052480161190033+0.20681150257587433j),(0.4052480161190033-0.20681150257587433j),(0.428117960691452+0.13689430058002472j),(0.428117960691452-0.13689430058002472j),(0.2267572581768036+0.36844998598098755j),(0.2267572581768036-0.36844998598098755j),(-0.39121541380882263+0.21585209667682648j),(-0.39121541380882263-0.21585209667682648j),(-0.4089004695415497+0.15469741821289062j),(-0.4089004695415497-0.15469741821289062j),(-0.39003169536590576+0.18783587217330933j),(-0.39003169536590576-0.18783587217330933j),(-0.20096439123153687+0.37703391909599304j),(-0.20096439123153687-0.37703391909599304j),(-0.2677125930786133+0.33185291290283203j),(-0.2677125930786133-0.33185291290283203j),(-0.40227562189102173+0.07609021663665771j),(-0.40227562189102173-0.07609021663665771j),(0.3728015124797821+0.17345134913921356j),(0.3728015124797821-0.17345134913921356j),(-0.40082940459251404+0.04239702597260475j),(-0.40082940459251404-0.04239702597260475j),(-0.2657953202724457+0.29564961791038513j),(-0.2657953202724457-0.29564961791038513j),(0.28042396903038025+0.2650914490222931j),(0.28042396903038025-0.2650914490222931j),(-0.024293193593621254+0.3792538046836853j),(-0.024293193593621254-0.3792538046836853j),(0.16011035442352295+0.32050925493240356j),(0.16011035442352295-0.32050925493240356j),(-0.09094933420419693+0.35397106409072876j),(-0.09094933420419693-0.35397106409072876j),(0.22393441200256348+0.2608264088630676j),(0.22393441200256348-0.2608264088630676j),(0.3336828649044037+0.08528806269168854j),(0.3336828649044037-0.08528806269168854j),(0.2871668040752411+0.15315894782543182j),(0.2871668040752411-0.15315894782543182j),(0.1053638607263565+0.2980659008026123j),(0.1053638607263565-0.2980659008026123j),(-0.3228018879890442+0j),(-0.29223719239234924+0.1713630110025406j),(-0.29223719239234924-0.1713630110025406j),(0.2217501848936081+0.20355501770973206j),(0.2217501848936081-0.20355501770973206j),(-0.17637695372104645+0.25176993012428284j),(-0.17637695372104645-0.25176993012428284j),(-0.31235700845718384+0.09213472902774811j),(-0.31235700845718384-0.09213472902774811j),(-0.13767923414707184+0.2731733024120331j),(-0.13767923414707184-0.2731733024120331j),(-0.05311606451869011+0.2973206639289856j),(-0.05311606451869011-0.2973206639289856j),(0.2775596082210541+0.06830506026744843j),(0.2775596082210541-0.06830506026744843j),(0.012491283006966114+0.24519118666648865j),(0.012491283006966114-0.24519118666648865j),(-0.20239628851413727+0.15268075466156006j),(-0.20239628851413727-0.15268075466156006j),(0.2044144570827484+0.11159864813089371j),(0.2044144570827484-0.11159864813089371j),(-0.25081586837768555+0.021693553775548935j),(-0.25081586837768555-0.021693553775548935j),(0.0555141419172287+0.22002291679382324j),(0.0555141419172287-0.22002291679382324j),(-0.05553111806511879+0.1847822219133377j),(-0.05553111806511879-0.1847822219133377j),(-0.20028463006019592+0.0567576140165329j),(-0.20028463006019592-0.0567576140165329j),(-0.11932329088449478+0.14994479715824127j),(-0.11932329088449478-0.14994479715824127j),(-0.1175227165222168+0.07794460654258728j),(-0.1175227165222168-0.07794460654258728j),(0.1090436801314354+0.060059014707803726j),(0.1090436801314354-0.060059014707803726j),(-0.015338541008532047+0.125299870967865j),(-0.015338541008532047-0.125299870967865j),(-0.12523899972438812+0j),(0.10952918231487274+0j),(0.029641497880220413+0.08504665642976761j),(0.029641497880220413-0.08504665642976761j),(0.05752493441104889+0j),(-0.0013332488015294075+0.017039617523550987j),(-0.0013332488015294075-0.017039617523550987j)
(1.0239322185516357+0j),(0.8260846734046936+0j),(0.7014603614807129+0j),(0.6763500571250916+0.014428769238293171j),(0.6763500571250916-0.014428769238293171j),(-0.6198551058769226+0j),(0.4021105170249939+0.4382917881011963j),(0.4021105170249939-0.4382917881011963j),(0.23668012022972107+0.5040751099586487j),(0.23668012022972107-0.5040751099586487j),(-0.35807669162750244+0.4207247197628021j),(-0.35807669162750244-0.4207247197628021j),(0.4231298267841339+0.3278500437736511j),(0.4231298267841339-0.3278500437736511j),(0.5464907288551331+0j),(0.5265633463859558+0.14927458763122559j),(0.5265633463859558-0.14927458763122559j),(-0.5295385718345642+0.09886083006858826j),(-0.5295385718345642-0.09886083006858826j),(-0.45624518394470215+0.2679089605808258j),(-0.45624518394470215-0.2679089605808258j),(0.02585618756711483+0.5190266370773315j),(0.02585618756711483-0.5190266370773315j),(0.48356419801712036+0.2273692786693573j),(0.48356419801712036-0.2273692786693573j),(-0.17703068256378174+0.49011027812957764j),(-0.17703068256378174-0.49011027812957764j),(0.5206542015075684+0j),(-0.2992387115955353+0.41862308979034424j),(-0.2992387115955353-0.41862308979034424j),(-0.11981084942817688+0.48125991225242615j),(-0.11981084942817688-0.48125991225242615j),(0.4846358597278595+0.13017714023590088j),(0.4846358597278595-0.13017714023590088j),(0.09293302148580551+0.4690277874469757j),(0.09293302148580551-0.4690277874469757j),(0.2508138120174408+0.40813952684402466j),(0.2508138120174408-0.40813952684402466j),(0.47148656845092773+0j),(-0.009214121848344803+0.45810166001319885j),(-0.009214121848344803-0.45810166001319885j),(0.4354616701602936+0.15781161189079285j),(0.4354616701602936-0.15781161189079285j),(-0.15721222758293152+0.43326807022094727j),(-0.15721222758293152-0.43326807022094727j),(0.43077272176742554+0j),(0.40605250000953674+0.19632405042648315j),(0.40605250000953674-0.19632405042648315j),(0.22300425171852112+0.37316280603408813j),(0.22300425171852112-0.37316280603408813j),(-0.39721745252609253+0.2109851986169815j),(-0.39721745252609253-0.2109851986169815j),(-0.4278194010257721+0.13287353515625j),(-0.4278194010257721-0.13287353515625j),(0.3184967041015625+0.25481846928596497j),(0.3184967041015625-0.25481846928596497j),(-0.2005205601453781+0.37616464495658875j),(-0.2005205601453781-0.37616464495658875j),(0.35425060987472534+0.18186160922050476j),(0.35425060987472534-0.18186160922050476j),(-0.25711122155189514+0.3233315050601959j),(-0.25711122155189514-0.3233315050601959j),(-0.2754734456539154+0.30561399459838867j),(-0.2754734456539154-0.30561399459838867j),(-0.4183198809623718+0.053063903003931046j),(-0.4183198809623718-0.053063903003931046j),(0.008802725933492184+0.37897127866744995j),(0.008802725933492184-0.37897127866744995j),(-0.34707111120224+0.2004314810037613j),(-0.34707111120224-0.2004314810037613j),(0.17148244380950928+0.3020140528678894j),(0.17148244380950928-0.3020140528678894j),(0.2242790311574936+0.26298829913139343j),(0.2242790311574936-0.26298829913139343j),(0.3416532874107361+0.081198550760746j),(0.3416532874107361-0.081198550760746j),(-0.0708029642701149+0.35728535056114197j),(-0.0708029642701149-0.35728535056114197j),(-0.3864566385746002+0.0477236732840538j),(-0.3864566385746002-0.0477236732840538j),(0.09128261357545853+0.30826637148857117j),(0.09128261357545853-0.30826637148857117j),(0.27950960397720337+0.15743103623390198j),(0.27950960397720337-0.15743103623390198j),(0.21706213057041168+0.186273992061615j),(0.21706213057041168-0.186273992061615j),(-0.16891005635261536+0.26786714792251587j),(-0.16891005635261536-0.26786714792251587j),(-0.06261038035154343+0.30144232511520386j),(-0.06261038035154343-0.30144232511520386j),(-0.2532956302165985+0.18138812482357025j),(-0.2532956302165985-0.18138812482357025j),(-0.30836722254753113+0.09882737696170807j),(-0.30836722254753113-0.09882737696170807j),(0.2718210816383362+0.05955943465232849j),(0.2718210816383362-0.05955943465232849j),(-0.1399141401052475+0.2656450569629669j),(-0.1399141401052475-0.2656450569629669j),(0.22308208048343658+0.09942010790109634j),(0.22308208048343658-0.09942010790109634j),(-0.1867532730102539+0.15841665863990784j),(-0.1867532730102539-0.15841665863990784j),(-0.25782158970832825+0j),(-0.2503129839897156+0.04538452625274658j),(-0.2503129839897156-0.04538452625274658j),(-0.03347102180123329+0.23586685955524445j),(-0.03347102180123329-0.23586685955524445j),(0.026550812646746635+0.2295560985803604j),(0.026550812646746635-0.2295560985803604j),(-0.22942252457141876+0.059696052223443985j),(-0.22942252457141876-0.059696052223443985j),(0.055934857577085495+0.19210802018642426j),(0.055934857577085495-0.19210802018642426j),(0.10824312269687653+0.07006985694169998j),(0.10824312269687653-0.07006985694169998j),(-0.09073818475008011+0.12873521447181702j),(-0.09073818475008011-0.12873521447181702j),(0.12887117266654968+0j),(-0.008964304812252522+0.135898619890213j),(-0.008964304812252522-0.135898619890213j),(-0.09915800392627716+0.07446315139532089j),(-0.09915800392627716-0.07446315139532089j),(-0.11610513925552368+0j),(0.021718762814998627+0.03166573867201805j),(0.021718762814998627-0.03166573867201805j),(-0.04250698536634445+0.0560036338865757j),(-0.04250698536634445-0.0560036338865757j),(0.05860336869955063+0j)
(1.0258320569992065+0j),(0.8485116958618164+0j),(-0.6218699812889099+0j),(0.7103729844093323+0j),(0.6849883794784546+0.03587564826011658j),(0.6849883794784546-0.03587564826011658j),(0.23638787865638733+0.5070542693138123j),(0.23638787865638733-0.5070542693138123j),(0.38916853070259094+0.40446236729621887j),(0.38916853070259094-0.40446236729621887j),(0.5973014235496521+0j),(-0.3545050621032715+0.420727401971817j),(-0.3545050621032715-0.420727401971817j),(-0.5317712426185608+0.09699763357639313j),(-0.5317712426185608-0.09699763357639313j),(-0.4592580199241638+0.2694367468357086j),(-0.4592580199241638-0.2694367468357086j),(0.5038368701934814+0.23378537595272064j),(0.5038368701934814-0.23378537595272064j),(0.42352059483528137+0.3313552141189575j),(0.42352059483528137-0.3313552141189575j),(0.5509067177772522+0.12059783935546875j),(0.5509067177772522-0.12059783935546875j),(0.025593411177396774+0.5126159191131592j),(0.025593411177396774-0.5126159191131592j),(-0.17388160526752472+0.48928624391555786j),(-0.17388160526752472-0.48928624391555786j),(0.5316337943077087+0j),(-0.2936970293521881+0.41780245304107666j),(-0.2936970293521881-0.41780245304107666j),(-0.12092705070972443+0.4781350791454315j),(-0.12092705070972443-0.4781350791454315j),(0.08920086920261383+0.46951523423194885j),(0.08920086920261383-0.46951523423194885j),(0.5020256042480469+0j),(0.22583191096782684+0.3996742367744446j),(0.22583191096782684-0.3996742367744446j),(0.2658155858516693+0.37940704822540283j),(0.2658155858516693-0.37940704822540283j),(0.4878805875778198+0.11989569664001465j),(0.4878805875778198-0.11989569664001465j),(-0.007968359626829624+0.45297572016716003j),(-0.007968359626829624-0.45297572016716003j),(-0.1450841724872589+0.4356611967086792j),(-0.1450841724872589-0.4356611967086792j),(-0.4011850655078888+0.2017187774181366j),(-0.4011850655078888-0.2017187774181366j),(-0.41992899775505066+0.12521159648895264j),(-0.41992899775505066-0.12521159648895264j),(-0.2017843872308731+0.37995436787605286j),(-0.2017843872308731-0.37995436787605286j),(0.40306469798088074+0.2133922278881073j),(0.40306469798088074-0.2133922278881073j),(0.4396454095840454+0.14015138149261475j),(0.4396454095840454-0.14015138149261475j),(-0.41406238079071045+0.04809116572141647j),(-0.41406238079071045-0.04809116572141647j),(0.4368975758552551+0j),(-0.34433746337890625+0.20268680155277252j),(-0.34433746337890625-0.20268680155277252j),(-0.25530338287353516+0.31980231404304504j),(-0.25530338287353516-0.31980231404304504j),(-0.2712426781654358+0.30280807614326477j),(-0.2712426781654358-0.30280807614326477j),(-0.3871694803237915+0.05470014736056328j),(-0.3871694803237915-0.05470014736056328j),(0.011133256368339062+0.37004029750823975j),(0.011133256368339062-0.37004029750823975j),(0.3644023537635803+0.18039165437221527j),(0.3644023537635803-0.18039165437221527j),(0.1725669503211975+0.32120704650878906j),(0.1725669503211975-0.32120704650878906j),(-0.06480462104082108+0.35504499077796936j),(-0.06480462104082108-0.35504499077796936j),(0.296210914850235+0.2345941662788391j),(0.296210914850235-0.2345941662788391j),(0.23751556873321533+0.2617146074771881j),(0.23751556873321533-0.2617146074771881j),(-0.309709370136261+0.10027813911437988j),(-0.309709370136261-0.10027813911437988j),(-0.25618740916252136+0.1837698519229889j),(-0.25618740916252136-0.1837698519229889j),(-0.07927776128053665+0.30099812150001526j),(-0.07927776128053665-0.30099812150001526j),(-0.16359174251556396+0.25972121953964233j),(-0.16359174251556396-0.25972121953964233j),(0.34387168288230896+0.06924913823604584j),(0.34387168288230896-0.06924913823604584j),(-0.14104318618774414+0.26935651898384094j),(-0.14104318618774414-0.26935651898384094j),(0.2924671173095703+0.15369917452335358j),(0.2924671173095703-0.15369917452335358j),(0.08956827223300934+0.2763877809047699j),(0.08956827223300934-0.2763877809047699j),(0.23439468443393707+0.18974274396896362j),(0.23439468443393707-0.18974274396896362j),(-0.03440362587571144+0.2496589571237564j),(-0.03440362587571144-0.2496589571237564j),(-0.19892440736293793+0.1567884236574173j),(-0.19892440736293793-0.1567884236574173j),(-0.23957516252994537+0j),(0.2565212845802307+0.056494276970624924j),(0.2565212845802307-0.056494276970624924j),(0.24201129376888275+0.0976102277636528j),(0.24201129376888275-0.0976102277636528j),(-0.2443133443593979+0.0655597597360611j),(-0.2443133443593979-0.0655597597360611j),(0.0336003303527832+0.23265257477760315j),(0.0336003303527832-0.23265257477760315j),(-0.22783420979976654+0.05589601397514343j),(-0.22783420979976654-0.05589601397514343j),(0.08154116570949554+0.18248867988586426j),(0.08154116570949554-0.18248867988586426j),(-0.0835825502872467+0.14902567863464355j),(-0.0835825502872467-0.14902567863464355j),(0.09827074408531189+0.09100963175296783j),(0.09827074408531189-0.09100963175296783j),(-0.12128408998250961+0j),(-0.10745394974946976+0.0593344047665596j),(-0.10745394974946976-0.0593344047665596j),(-0.022262921556830406+0.12182042747735977j),(-0.022262921556830406-0.12182042747735977j),(0.10887420177459717+0j),(0.10577890276908875+0j),(0.03590993583202362+0.029528623446822166j),(0.03590993583202362-0.029528623446822166j),(-0.037710972130298615+0.057864923030138016j),(-0.037710972130298615-0.057864923030138016j)
(0.9833480715751648+0j),(0.831947386264801+0j),(0.7328734397888184+0j),(0.6965232491493225+0.027300145477056503j),(0.6965232491493225-0.027300145477056503j),(-0.6179552674293518+0j),(0.6095280051231384+0j),(0.23808270692825317+0.5002188086509705j),(0.23808270692825317-0.5002188086509705j),(-0.35565268993377686+0.42286816239356995j),(-0.35565268993377686-0.42286816239356995j),(0.5157779455184937+0.22757676243782043j),(0.5157779455184937-0.22757676243782043j),(-0.5328291654586792+0.09929470717906952j),(-0.5328291654586792-0.09929470717906952j),(0.38296177983283997+0.3860698938369751j),(0.38296177983283997-0.3860698938369751j),(0.5425485372543335+0j),(-0.4570614695549011+0.2676040530204773j),(-0.4570614695549011-0.2676040530204773j),(0.42802202701568604+0.3269726037979126j),(0.42802202701568604-0.3269726037979126j),(0.5502101182937622+0.11213564872741699j),(0.5502101182937622-0.11213564872741699j),(0.036578379571437836+0.5146902799606323j),(0.036578379571437836-0.5146902799606323j),(-0.17581811547279358+0.4927017390727997j),(-0.17581811547279358-0.4927017390727997j),(0.5216601490974426+0j),(-0.29058602452278137+0.41435787081718445j),(-0.29058602452278137-0.41435787081718445j),(0.5006144046783447+0.1075659841299057j),(0.5006144046783447-0.1075659841299057j),(-0.12463925033807755+0.47287100553512573j),(-0.12463925033807755-0.47287100553512573j),(0.08790414035320282+0.4634314477443695j),(0.08790414035320282-0.4634314477443695j),(-0.012231576256453991+0.463847279548645j),(-0.012231576256453991-0.463847279548645j),(0.26786738634109497+0.3761930465698242j),(0.26786738634109497-0.3761930465698242j),(0.23808389902114868+0.3885674476623535j),(0.23808389902114868-0.3885674476623535j),(0.41404592990875244+0.21354049444198608j),(0.41404592990875244-0.21354049444198608j),(0.4428766369819641+0j),(-0.13410459458827972+0.4332314133644104j),(-0.13410459458827972-0.4332314133644104j),(0.43530377745628357+0.12978145480155945j),(0.43530377745628357-0.12978145480155945j),(-0.401873916387558+0.20044854283332825j),(-0.401873916387558-0.20044854283332825j),(-0.41844695806503296+0.12006435543298721j),(-0.41844695806503296-0.12006435543298721j),(-0.19350774586200714+0.376369833946228j),(-0.19350774586200714-0.376369833946228j),(-0.4117565453052521+0.040963951498270035j),(-0.4117565453052521-0.040963951498270035j),(-0.26254144310951233+0.3198768198490143j),(-0.26254144310951233-0.3198768198490143j),(-0.38663366436958313+0.06580226868391037j),(-0.38663366436958313-0.06580226868391037j),(-0.3367263078689575+0.20285683870315552j),(-0.3367263078689575-0.20285683870315552j),(0.37113553285598755+0.18129999935626984j),(0.37113553285598755-0.18129999935626984j),(-0.2634798288345337+0.3020457327365875j),(-0.2634798288345337-0.3020457327365875j),(0.3098944127559662+0.25134754180908203j),(0.3098944127559662-0.25134754180908203j),(0.16729693114757538+0.3206866979598999j),(0.16729693114757538-0.3206866979598999j),(0.2386108934879303+0.273794025182724j),(0.2386108934879303-0.273794025182724j),(-0.003913130145519972+0.35916516184806824j),(-0.003913130145519972-0.35916516184806824j),(-0.061369746923446655+0.3515279293060303j),(-0.061369746923446655-0.3515279293060303j),(0.34596410393714905+0.06378480046987534j),(0.34596410393714905-0.06378480046987534j),(-0.30789053440093994+0.09717342257499695j),(-0.30789053440093994-0.09717342257499695j),(-0.2614162862300873+0.18075568974018097j),(-0.2614162862300873-0.18075568974018097j),(0.2847827970981598+0.15677914023399353j),(0.2847827970981598-0.15677914023399353j),(0.2452157437801361+0.19317461550235748j),(0.2452157437801361-0.19317461550235748j),(-0.09281013906002045+0.3013976216316223j),(-0.09281013906002045-0.3013976216316223j),(-0.16612102091312408+0.25776544213294983j),(-0.16612102091312408-0.25776544213294983j),(0.08420946449041367+0.27553680539131165j),(0.08420946449041367-0.27553680539131165j),(-0.13032813370227814+0.25789469480514526j),(-0.13032813370227814-0.25789469480514526j),(-0.2142079919576645+0j),(-0.2111157327890396+0.15270110964775085j),(-0.2111157327890396-0.15270110964775085j),(-0.028321873396635056+0.2587859034538269j),(-0.028321873396635056-0.2587859034538269j),(-0.2490054816007614+0.04492305591702461j),(-0.2490054816007614-0.04492305591702461j),(0.27803465723991394+0.07068785279989243j),(0.27803465723991394-0.07068785279989243j),(-0.21668504178524017+0.07250314205884933j),(-0.21668504178524017-0.07250314205884933j),(0.04309547320008278+0.22907541692256927j),(0.04309547320008278-0.22907541692256927j),(0.22180189192295074+0.07962651550769806j),(0.22180189192295074-0.07962651550769806j),(0.08015099912881851+0.18109562993049622j),(0.08015099912881851-0.18109562993049622j),(-0.08789670467376709+0.15280817449092865j),(-0.08789670467376709-0.15280817449092865j),(-0.03228546679019928+0.14189951121807098j),(-0.03228546679019928-0.14189951121807098j),(-0.11167001724243164+0.05200044810771942j),(-0.11167001724243164-0.05200044810771942j),(-0.13256818056106567+0j),(0.07344042509794235+0.0869436115026474j),(0.07344042509794235-0.0869436115026474j),(0.12275045365095139+0.058898311108350754j),(0.12275045365095139-0.058898311108350754j),(0.08548784255981445+0.03485380485653877j),(0.08548784255981445-0.03485380485653877j),(-0.03295186161994934+0.04071035608649254j),(-0.03295186161994934-0.04071035608649254j)
(1.0355104207992554+0j),(0.8562628626823425+0j),(0.7478950023651123+0j),(0.7037811875343323+0.024085020646452904j),(0.7037811875343323-0.024085020646452904j),(-0.616956889629364+0j),(0.23952853679656982+0.5015420317649841j),(0.23952853679656982-0.5015420317649841j),(0.6029622554779053+0j),(-0.35265448689460754+0.41710028052330017j),(-0.35265448689460754-0.41710028052330017j),(0.5277992486953735+0.2095763087272644j),(0.5277992486953735-0.2095763087272644j),(0.3908560574054718+0.382060706615448j),(0.3908560574054718-0.382060706615448j),(-0.4585331976413727+0.26612672209739685j),(-0.4585331976413727-0.26612672209739685j),(0.5756785869598389+0.08925314247608185j),(0.5756785869598389-0.08925314247608185j),(-0.5252297520637512+0.10013493150472641j),(-0.5252297520637512-0.10013493150472641j),(-0.17720912396907806+0.5009971261024475j),(-0.17720912396907806-0.5009971261024475j),(0.42845067381858826+0.3196355998516083j),(0.42845067381858826-0.3196355998516083j),(0.042875491082668304+0.5180211663246155j),(0.042875491082668304-0.5180211663246155j),(0.5538945198059082+0j),(-0.135994553565979+0.47279849648475647j),(-0.135994553565979-0.47279849648475647j),(0.5024879574775696+0.11236557364463806j),(0.5024879574775696-0.11236557364463806j),(0.517390251159668+0j),(0.09167780727148056+0.4574907124042511j),(0.09167780727148056-0.4574907124042511j),(-0.2880406081676483+0.3983153998851776j),(-0.2880406081676483-0.3983153998851776j),(-0.013752462342381477+0.46966373920440674j),(-0.013752462342381477-0.46966373920440674j),(0.28110644221305847+0.37263181805610657j),(0.28110644221305847-0.37263181805610657j),(0.4248601794242859+0.21367564797401428j),(0.4248601794242859-0.21367564797401428j),(0.23231253027915955+0.38065898418426514j),(0.23231253027915955-0.38065898418426514j),(-0.39871010184288025+0.1961980164051056j),(-0.39871010184288025-0.1961980164051056j),(-0.42577362060546875+0.12459743022918701j),(-0.42577362060546875-0.12459743022918701j),(-0.11619909852743149+0.4135780334472656j),(-0.11619909852743149-0.4135780334472656j),(-0.18157780170440674+0.3856326937675476j),(-0.18157780170440674-0.3856326937675476j),(0.44695964455604553+0.10366107523441315j),(0.44695964455604553-0.10366107523441315j),(-0.26700782775878906+0.3206217586994171j),(-0.26700782775878906-0.3206217586994171j),(-0.40877726674079895+0.03748522698879242j),(-0.40877726674079895-0.03748522698879242j),(-0.2623330056667328+0.3094455897808075j),(-0.2623330056667328-0.3094455897808075j),(0.4195268154144287+0j),(-0.3318309187889099+0.2001025527715683j),(-0.3318309187889099-0.2001025527715683j),(-0.3836386501789093+0.07149376720190048j),(-0.3836386501789093-0.07149376720190048j),(0.37184247374534607+0.1858624666929245j),(0.37184247374534607-0.1858624666929245j),(0.19682636857032776+0.33042317628860474j),(0.19682636857032776-0.33042317628860474j),(-0.003509867936372757+0.350777268409729j),(-0.003509867936372757-0.350777268409729j),(-0.05007965490221977+0.35474663972854614j),(-0.05007965490221977-0.35474663972854614j),(0.26042798161506653+0.25707414746284485j),(0.26042798161506653-0.25707414746284485j),(0.3589443564414978+0.06625986099243164j),(0.3589443564414978-0.06625986099243164j),(0.2741336226463318+0.21078789234161377j),(0.2741336226463318-0.21078789234161377j),(-0.0906430184841156+0.3064905107021332j),(-0.0906430184841156-0.3064905107021332j),(-0.3013007938861847+0.09458988159894943j),(-0.3013007938861847-0.09458988159894943j),(-0.2510119676589966+0.18163196742534637j),(-0.2510119676589966-0.18163196742534637j),(-0.160056009888649+0.2633499801158905j),(-0.160056009888649-0.2633499801158905j),(0.22176560759544373+0.21851636469364166j),(0.22176560759544373-0.21851636469364166j),(0.088893361389637+0.2828943431377411j),(0.088893361389637-0.2828943431377411j),(0.29776936769485474+0.12302850186824799j),(0.29776936769485474-0.12302850186824799j),(-0.1328386813402176+0.24963213503360748j),(-0.1328386813402176-0.24963213503360748j),(-0.27181321382522583+0.06721048802137375j),(-0.27181321382522583-0.06721048802137375j),(0.26436182856559753+0.12728197872638702j),(0.26436182856559753-0.12728197872638702j),(-0.19158783555030823+0.1643821746110916j),(-0.19158783555030823-0.1643821746110916j),(-0.21955394744873047+0j),(-0.030626971274614334+0.24598419666290283j),(-0.030626971274614334-0.24598419666290283j),(0.2594415843486786+0.03173661231994629j),(0.2594415843486786-0.03173661231994629j),(0.03700527176260948+0.2317327857017517j),(0.03700527176260948-0.2317327857017517j),(-0.21560519933700562+0.0654871016740799j),(-0.21560519933700562-0.0654871016740799j),(0.07789533585309982+0.166647806763649j),(0.07789533585309982-0.166647806763649j),(-0.05970099940896034+0.1546935886144638j),(-0.05970099940896034-0.1546935886144638j),(-0.03561663255095482+0.16109375655651093j),(-0.03561663255095482-0.16109375655651093j),(-0.13616664707660675+0j),(0.11983981728553772+0.06750718504190445j),(0.11983981728553772-0.06750718504190445j),(-0.10237032920122147+0.029629146680235863j),(-0.10237032920122147-0.029629146680235863j),(0.07262888550758362+0.06614594906568527j),(0.07262888550758362-0.06614594906568527j),(-0.03427761420607567+0.029463641345500946j),(-0.03427761420607567-0.029463641345500946j),(0.08544594794511795+0.016572970896959305j),(0.08544594794511795-0.016572970896959305j)
(1.0189743041992188+0j),(0.8518999814987183+0j),(0.7894868850708008+0j),(0.7033566832542419+0.014185507781803608j),(0.7033566832542419-0.014185507781803608j),(-0.6157481074333191+0j),(0.24195446074008942+0.49984118342399597j),(0.24195446074008942-0.49984118342399597j),(0.6114131212234497+0.0658888891339302j),(0.6114131212234497-0.0658888891339302j),(0.5379436612129211+0.1801878809928894j),(0.5379436612129211-0.1801878809928894j),(0.5744071006774902+0.046137288212776184j),(0.5744071006774902-0.046137288212776184j),(-0.3536779582500458+0.41742417216300964j),(-0.3536779582500458-0.41742417216300964j),(-0.4613226652145386+0.2666017413139343j),(-0.4613226652145386-0.2666017413139343j),(0.39006686210632324+0.3766845464706421j),(0.39006686210632324-0.3766845464706421j),(-0.5171574950218201+0.10122466832399368j),(-0.5171574950218201-0.10122466832399368j),(0.42323431372642517+0.31199151277542114j),(0.42323431372642517-0.31199151277542114j),(-0.1750364452600479+0.498107373714447j),(-0.1750364452600479-0.498107373714447j),(0.0429079569876194+0.518273115158081j),(0.0429079569876194-0.518273115158081j),(0.517376720905304+0j),(0.5028887391090393+0.12312574684619904j),(0.5028887391090393-0.12312574684619904j),(-0.13264228403568268+0.47504451870918274j),(-0.13264228403568268-0.47504451870918274j),(0.43571338057518005+0.21737933158874512j),(0.43571338057518005-0.21737933158874512j),(0.2879364788532257+0.37661540508270264j),(0.2879364788532257-0.37661540508270264j),(0.08912001550197601+0.4566211700439453j),(0.08912001550197601-0.4566211700439453j),(-0.2824886441230774+0.39279821515083313j),(-0.2824886441230774-0.39279821515083313j),(-0.009505373425781727+0.46512332558631897j),(-0.009505373425781727-0.46512332558631897j),(0.4644802510738373+0.09099303185939789j),(0.4644802510738373-0.09099303185939789j),(0.22634389996528625+0.37263011932373047j),(0.22634389996528625-0.37263011932373047j),(-0.42667028307914734+0.125987708568573j),(-0.42667028307914734-0.125987708568573j),(-0.39240774512290955+0.18863359093666077j),(-0.39240774512290955-0.18863359093666077j),(-0.15867042541503906+0.3962431848049164j),(-0.15867042541503906-0.3962431848049164j),(-0.2693615257740021+0.32272428274154663j),(-0.2693615257740021-0.32272428274154663j),(-0.13002698123455048+0.39419740438461304j),(-0.13002698123455048-0.39419740438461304j),(0.3800644874572754+0.1894317865371704j),(0.3800644874572754-0.1894317865371704j),(-0.4039950668811798+0.044235073029994965j),(-0.4039950668811798-0.044235073029994965j),(0.39185288548469543+0j),(-0.33699747920036316+0.1972501426935196j),(-0.33699747920036316-0.1972501426935196j),(-0.25220397114753723+0.2998330891132355j),(-0.25220397114753723-0.2998330891132355j),(-0.38301989436149597+0.06685959547758102j),(-0.38301989436149597-0.06685959547758102j),(0.20922735333442688+0.31524723768234253j),(0.20922735333442688-0.31524723768234253j),(0.3681188225746155+0.062063805758953094j),(0.3681188225746155-0.062063805758953094j),(0.25609350204467773+0.2563364505767822j),(0.25609350204467773-0.2563364505767822j),(-0.006596533581614494+0.3609473407268524j),(-0.006596533581614494-0.3609473407268524j),(-0.039315883070230484+0.3506787419319153j),(-0.039315883070230484-0.3506787419319153j),(0.2801966965198517+0.19002442061901093j),(0.2801966965198517-0.19002442061901093j),(0.3097013533115387+0.1110328882932663j),(0.3097013533115387-0.1110328882932663j),(0.21190525591373444+0.22602808475494385j),(0.21190525591373444-0.22602808475494385j),(-0.0931977853178978+0.317014217376709j),(-0.0931977853178978-0.317014217376709j),(0.27180665731430054+0.13212767243385315j),(0.27180665731430054-0.13212767243385315j),(-0.16555847227573395+0.26783427596092224j),(-0.16555847227573395-0.26783427596092224j),(-0.24996671080589294+0.18532533943653107j),(-0.24996671080589294-0.18532533943653107j),(0.09082702547311783+0.27781155705451965j),(0.09082702547311783-0.27781155705451965j),(-0.2977495491504669+0.08757860213518143j),(-0.2977495491504669-0.08757860213518143j),(0.2623487114906311+0.027256451547145844j),(0.2623487114906311-0.027256451547145844j),(-0.1218232586979866+0.2504737973213196j),(-0.1218232586979866-0.2504737973213196j),(-0.26391786336898804+0.05724627897143364j),(-0.26391786336898804-0.05724627897143364j),(-0.17362360656261444+0.16416582465171814j),(-0.17362360656261444-0.16416582465171814j),(0.0010979026556015015+0.2396315336227417j),(0.0010979026556015015-0.2396315336227417j),(0.020518919453024864+0.22993366420269012j),(0.020518919453024864-0.22993366420269012j),(-0.224968820810318+0j),(-0.21060986816883087+0.06267073005437851j),(-0.21060986816883087-0.06267073005437851j),(-0.061562806367874146+0.19139216840267181j),(-0.061562806367874146-0.19139216840267181j),(0.07188093662261963+0.16270169615745544j),(0.07188093662261963-0.16270169615745544j),(-0.13902872800827026+0j),(0.11645272374153137+0.06447594612836838j),(0.11645272374153137-0.06447594612836838j),(0.10464774072170258+0.07173130661249161j),(0.10464774072170258-0.07173130661249161j),(-0.042163554579019547+0.13037827610969543j),(-0.042163554579019547-0.13037827610969543j),(-0.08864106237888336+0.018142934888601303j),(-0.08864106237888336-0.018142934888601303j),(0.06967272609472275+0j),(-0.05282042175531387+0.03597675636410713j),(-0.05282042175531387-0.03597675636410713j),(0.09119336307048798+0j)
(1.0063166618347168+0j),(0.8590876460075378+0j),(0.7698005437850952+0j),(-0.6098667979240417+0j),(0.7071492075920105+0j),(0.6935707330703735+0j),(0.6690561771392822+0.053242310881614685j),(0.6690561771392822-0.053242310881614685j),(0.2410007268190384+0.4931963086128235j),(0.2410007268190384-0.4931963086128235j),(-0.3495224416255951+0.41516491770744324j),(-0.3495224416255951-0.41516491770744324j),(-0.4631236791610718+0.2654576897621155j),(-0.4631236791610718-0.2654576897621155j),(0.5733295679092407+0.14442984759807587j),(0.5733295679092407-0.14442984759807587j),(-0.17306417226791382+0.49720099568367004j),(-0.17306417226791382-0.49720099568367004j),(0.0487259104847908+0.5235397219657898j),(0.0487259104847908-0.5235397219657898j),(0.3839719891548157+0.37295520305633545j),(0.3839719891548157-0.37295520305633545j),(-0.5112364888191223+0.09707401692867279j),(-0.5112364888191223-0.09707401692867279j),(0.566651463508606+0.05383359268307686j),(0.566651463508606-0.05383359268307686j),(0.5249744057655334+0j),(0.4269929826259613+0.3106038570404053j),(0.4269929826259613-0.3106038570404053j),(-0.13791723549365997+0.4719412624835968j),(-0.13791723549365997-0.4719412624835968j),(-0.28026139736175537+0.39749664068222046j),(-0.28026139736175537-0.39749664068222046j),(0.29785147309303284+0.3697654604911804j),(0.29785147309303284-0.3697654604911804j),(0.4384874701499939+0.22065842151641846j),(0.4384874701499939-0.22065842151641846j),(0.0885712057352066+0.4469664692878723j),(0.0885712057352066-0.4469664692878723j),(-0.007121014874428511+0.46385666728019714j),(-0.007121014874428511-0.46385666728019714j),(0.4699154496192932+0.14544813334941864j),(0.4699154496192932-0.14544813334941864j),(0.22161433100700378+0.37409794330596924j),(0.22161433100700378-0.37409794330596924j),(0.4648820161819458+0.06710998713970184j),(0.4648820161819458-0.06710998713970184j),(-0.42551150918006897+0.1279408484697342j),(-0.42551150918006897-0.1279408484697342j),(-0.15197648108005524+0.39720091223716736j),(-0.15197648108005524-0.39720091223716736j),(-0.3802061676979065+0.1912192553281784j),(-0.3802061676979065-0.1912192553281784j),(-0.27867642045021057+0.3090522885322571j),(-0.27867642045021057-0.3090522885322571j),(-0.3480651080608368+0.19471602141857147j),(-0.3480651080608368-0.19471602141857147j),(-0.40596309304237366+0.03600548580288887j),(-0.40596309304237366-0.03600548580288887j),(-0.24344415962696075+0.30871060490608215j),(-0.24344415962696075-0.30871060490608215j),(-0.11282741278409958+0.375685453414917j),(-0.11282741278409958-0.375685453414917j),(0.38121306896209717+0.19203996658325195j),(0.38121306896209717-0.19203996658325195j),(-0.37326762080192566+0.06900642812252045j),(-0.37326762080192566-0.06900642812252045j),(-0.008715961128473282+0.36066633462905884j),(-0.008715961128473282-0.36066633462905884j),(-0.04080472141504288+0.35779792070388794j),(-0.04080472141504288-0.35779792070388794j),(0.21881434321403503+0.27991983294487j),(0.21881434321403503-0.27991983294487j),(0.2565724551677704+0.25849053263664246j),(0.2565724551677704-0.25849053263664246j),(0.3885450065135956+0j),(0.36513015627861023+0.060247909277677536j),(0.36513015627861023-0.060247909277677536j),(-0.11359558254480362+0.31922265887260437j),(-0.11359558254480362-0.31922265887260437j),(0.2933060824871063+0.18266025185585022j),(0.2933060824871063-0.18266025185585022j),(0.20240344107151031+0.24714453518390656j),(0.20240344107151031-0.24714453518390656j),(0.3133370578289032+0.11430297791957855j),(0.3133370578289032-0.11430297791957855j),(-0.1391526311635971+0.27268028259277344j),(-0.1391526311635971-0.27268028259277344j),(-0.2421926110982895+0.18054142594337463j),(-0.2421926110982895-0.18054142594337463j),(0.2827574908733368+0.12753109633922577j),(0.2827574908733368-0.12753109633922577j),(-0.29283496737480164+0.0789237916469574j),(-0.29283496737480164-0.0789237916469574j),(0.08913137763738632+0.26234281063079834j),(0.08913137763738632-0.26234281063079834j),(-0.13845069706439972+0.2497870922088623j),(-0.13845069706439972-0.2497870922088623j),(-0.2670288681983948+0.068440742790699j),(-0.2670288681983948-0.068440742790699j),(-0.22090496122837067+0j),(-0.013025829568505287+0.24475376307964325j),(-0.013025829568505287-0.24475376307964325j),(0.24719080328941345+0.03424976021051407j),(0.24719080328941345-0.03424976021051407j),(0.031520143151283264+0.23544448614120483j),(0.031520143151283264-0.23544448614120483j),(-0.16234323382377625+0.1561717987060547j),(-0.16234323382377625-0.1561717987060547j),(-0.20186078548431396+0.0680965855717659j),(-0.20186078548431396-0.0680965855717659j),(0.06954412162303925+0.16189782321453094j),(0.06954412162303925-0.16189782321453094j),(-0.04854705184698105+0.17388901114463806j),(-0.04854705184698105-0.17388901114463806j),(0.14698998630046844+0.07999212294816971j),(0.14698998630046844-0.07999212294816971j),(-0.1364978700876236+0j),(-0.038602784276008606+0.12886886298656464j),(-0.038602784276008606-0.12886886298656464j),(0.0901106595993042+0.06217219680547714j),(0.0901106595993042-0.06217219680547714j),(-0.11288157105445862+0j),(-0.0810113474726677+0j),(-0.05423404648900032+0.041106708347797394j),(-0.05423404648900032-0.041106708347797394j),(0.09463302791118622+0.004210383165627718j),(0.09463302791118622-0.004210383165627718j)
(1.022158145904541+0j),(0.8530445694923401+0j),(0.772434651851654+0j),(0.7372868061065674+0.039442937821149826j),(0.7372868061065674-0.039442937821149826j),(0.7010865211486816+0.010546189732849598j),(0.7010865211486816-0.010546189732849598j),(-0.6028401255607605+0j),(0.584945797920227+0.1299445927143097j),(0.584945797920227-0.1299445927143097j),(-0.34655144810676575+0.4140779674053192j),(-0.34655144810676575-0.4140779674053192j),(-0.45790475606918335+0.2688273787498474j),(-0.45790475606918335-0.2688273787498474j),(0.23656730353832245+0.4836409091949463j),(0.23656730353832245-0.4836409091949463j),(-0.5107319951057434+0.09581723064184189j),(-0.5107319951057434-0.09581723064184189j),(-0.173991858959198+0.49832582473754883j),(-0.173991858959198-0.49832582473754883j),(0.051670391112565994+0.5224704146385193j),(0.051670391112565994-0.5224704146385193j),(0.5659026503562927+0.0665123462677002j),(0.5659026503562927-0.0665123462677002j),(0.5167492628097534+0j),(0.3831266164779663+0.35478898882865906j),(0.3831266164779663-0.35478898882865906j),(-0.13646799325942993+0.4729134440422058j),(-0.13646799325942993-0.4729134440422058j),(0.41322317719459534+0.2995685040950775j),(0.41322317719459534-0.2995685040950775j),(-0.26501232385635376+0.4018562138080597j),(-0.26501232385635376-0.4018562138080597j),(0.31582361459732056+0.37243708968162537j),(0.31582361459732056-0.37243708968162537j),(0.42721810936927795+0.23395897448062897j),(0.42721810936927795-0.23395897448062897j),(-0.01186591386795044+0.4642069339752197j),(-0.01186591386795044-0.4642069339752197j),(0.4644428789615631+0.13585606217384338j),(0.4644428789615631-0.13585606217384338j),(0.08966762572526932+0.4443316161632538j),(0.08966762572526932-0.4443316161632538j),(0.4760375916957855+0.032029181718826294j),(0.4760375916957855-0.032029181718826294j),(-0.42660653591156006+0.12998104095458984j),(-0.42660653591156006-0.12998104095458984j),(0.41192713379859924+0.19286379218101501j),(0.41192713379859924-0.19286379218101501j),(0.22207054495811462+0.3738113045692444j),(0.22207054495811462-0.3738113045692444j),(-0.3852621614933014+0.1899457722902298j),(-0.3852621614933014-0.1899457722902298j),(-0.1509392261505127+0.4073749780654907j),(-0.1509392261505127-0.4073749780654907j),(-0.288042277097702+0.30241429805755615j),(-0.288042277097702-0.30241429805755615j),(-0.34485533833503723+0.19843681156635284j),(-0.34485533833503723-0.19843681156635284j),(-0.3978872001171112+0.029998796060681343j),(-0.3978872001171112-0.029998796060681343j),(0.40024304389953613+0.07462950050830841j),(0.40024304389953613-0.07462950050830841j),(-0.23434093594551086+0.3039625287055969j),(-0.23434093594551086-0.3039625287055969j),(0.3528052270412445+0j),(-0.3613137900829315+0.06857914477586746j),(-0.3613137900829315-0.06857914477586746j),(0.21594712138175964+0.2980545461177826j),(0.21594712138175964-0.2980545461177826j),(-0.15084891021251678+0.3291787803173065j),(-0.15084891021251678-0.3291787803173065j),(0.2733890116214752+0.24587514996528625j),(0.2733890116214752-0.24587514996528625j),(-0.04893772304058075+0.36796584725379944j),(-0.04893772304058075-0.36796584725379944j),(-0.05066249892115593+0.35376471281051636j),(-0.05066249892115593-0.35376471281051636j),(-0.03012852557003498+0.3508630096912384j),(-0.03012852557003498-0.3508630096912384j),(0.3201269209384918+0.11941901594400406j),(0.3201269209384918-0.11941901594400406j),(0.2998732626438141+0.157429039478302j),(0.2998732626438141-0.157429039478302j),(0.2934820353984833+0.14788496494293213j),(0.2934820353984833-0.14788496494293213j),(0.22090531885623932+0.21574071049690247j),(0.22090531885623932-0.21574071049690247j),(-0.2397802472114563+0.18500244617462158j),(-0.2397802472114563-0.18500244617462158j),(-0.29624202847480774+0.07975900918245316j),(-0.29624202847480774-0.07975900918245316j),(-0.15422323346138+0.2499617040157318j),(-0.15422323346138-0.2499617040157318j),(0.08015263825654984+0.26227954030036926j),(0.08015263825654984-0.26227954030036926j),(-0.11640112102031708+0.2639234960079193j),(-0.11640112102031708-0.2639234960079193j),(-0.2621172368526459+0.08239053189754486j),(-0.2621172368526459-0.08239053189754486j),(-0.010284638032317162+0.2500012218952179j),(-0.010284638032317162-0.2500012218952179j),(-0.21180462837219238+0j),(0.04010605067014694+0.2337399423122406j),(0.04010605067014694-0.2337399423122406j),(0.23718005418777466+0.025158317759633064j),(0.23718005418777466-0.025158317759633064j),(-0.1503322273492813+0.15164078772068024j),(-0.1503322273492813-0.15164078772068024j),(-0.20771780610084534+0.06193843111395836j),(-0.20771780610084534-0.06193843111395836j),(0.14244449138641357+0.10839886963367462j),(0.14244449138641357-0.10839886963367462j),(0.06827735900878906+0.16281311213970184j),(0.06827735900878906-0.16281311213970184j),(-0.052315231412649155+0.16117964684963226j),(-0.052315231412649155-0.16117964684963226j),(-0.13272997736930847+0.008157406002283096j),(-0.13272997736930847-0.008157406002283096j),(-0.026713185012340546+0.11953271180391312j),(-0.026713185012340546-0.11953271180391312j),(0.13641357421875+0j),(-0.07009030878543854+0.05066026374697685j),(-0.07009030878543854-0.05066026374697685j),(0.06410980969667435+0.03153026103973389j),(0.06410980969667435-0.03153026103973389j),(-0.018543824553489685+0j),(0.09130796790122986+0j)
(1.040869951248169+0j),(0.8539656400680542+0j),(0.8042128086090088+0j),(0.7636784315109253+0j),(0.744651198387146+0j),(0.7244284152984619+0.055802617222070694j),(0.7244284152984619-0.055802617222070694j),(-0.6021568775177002+0j),(-0.3450053334236145+0.4114174544811249j),(-0.3450053334236145-0.4114174544811249j),(-0.45346686244010925+0.2671670913696289j),(-0.45346686244010925-0.2671670913696289j),(0.23330582678318024+0.48415517807006836j),(0.23330582678318024-0.48415517807006836j),(0.5875222682952881+0.10851074755191803j),(0.5875222682952881-0.10851074755191803j),(0.5781137347221375+0.05694374069571495j),(0.5781137347221375-0.05694374069571495j),(-0.17307661473751068+0.49623361229896545j),(-0.17307661473751068-0.49623361229896545j),(-0.5100754499435425+0.09556166082620621j),(-0.5100754499435425-0.09556166082620621j),(0.05368978902697563+0.5117750763893127j),(0.05368978902697563-0.5117750763893127j),(0.4057613015174866+0.32420915365219116j),(0.4057613015174866-0.32420915365219116j),(0.5252317190170288+0.021061791107058525j),(0.5252317190170288-0.021061791107058525j),(0.44462156295776367+0.24754741787910461j),(0.44462156295776367-0.24754741787910461j),(0.31793734431266785+0.37357768416404724j),(0.31793734431266785-0.37357768416404724j),(-0.1320926547050476+0.46810758113861084j),(-0.1320926547050476-0.46810758113861084j),(0.3801911175251007+0.31746745109558105j),(0.3801911175251007-0.31746745109558105j),(-0.25920024514198303+0.39972159266471863j),(-0.25920024514198303-0.39972159266471863j),(-0.00819912739098072+0.46480175852775574j),(-0.00819912739098072-0.46480175852775574j),(0.4704294502735138+0.12687890231609344j),(0.4704294502735138-0.12687890231609344j),(0.08428686857223511+0.44679245352745056j),(0.08428686857223511-0.44679245352745056j),(0.42594170570373535+0.1953660249710083j),(0.42594170570373535-0.1953660249710083j),(-0.14790888130664825+0.41779980063438416j),(-0.14790888130664825-0.41779980063438416j),(0.4537673592567444+0j),(-0.4246613681316376+0.13199575245380402j),(-0.4246613681316376-0.13199575245380402j),(0.2157195806503296+0.37098759412765503j),(0.2157195806503296-0.37098759412765503j),(-0.29602161049842834+0.3009513318538666j),(-0.29602161049842834-0.3009513318538666j),(-0.3808963894844055+0.18810835480690002j),(-0.3808963894844055-0.18810835480690002j),(-0.34111207723617554+0.19351467490196228j),(-0.34111207723617554-0.19351467490196228j),(-0.22239990532398224+0.30790165066719055j),(-0.22239990532398224-0.30790165066719055j),(0.3985264301300049+0.10396990180015564j),(0.3985264301300049-0.10396990180015564j),(0.3495531678199768+0j),(-0.05767786502838135+0.3716387152671814j),(-0.05767786502838135-0.3716387152671814j),(-0.15759378671646118+0.32911646366119385j),(-0.15759378671646118-0.32911646366119385j),(-0.3904172480106354+0.027824711054563522j),(-0.3904172480106354-0.027824711054563522j),(0.012793999165296555+0.34981948137283325j),(0.012793999165296555-0.34981948137283325j),(0.1960456520318985+0.2836044728755951j),(0.1960456520318985-0.2836044728755951j),(-0.36510881781578064+0.06899641454219818j),(-0.36510881781578064-0.06899641454219818j),(0.249103382229805+0.24215000867843628j),(0.249103382229805-0.24215000867843628j),(0.3211093544960022+0.16270308196544647j),(0.3211093544960022-0.16270308196544647j),(-0.05179303511977196+0.3454471528530121j),(-0.05179303511977196-0.3454471528530121j),(0.29939454793930054+0.15508177876472473j),(0.29939454793930054-0.15508177876472473j),(0.3085747957229614+0.12715274095535278j),(0.3085747957229614-0.12715274095535278j),(-0.23461078107357025+0.1890518218278885j),(-0.23461078107357025-0.1890518218278885j),(-0.2913898229598999+0.06468265503644943j),(-0.2913898229598999-0.06468265503644943j),(-0.11405152082443237+0.2697403132915497j),(-0.11405152082443237-0.2697403132915497j),(-0.1479111760854721+0.24274423718452454j),(-0.1479111760854721-0.24274423718452454j),(-0.2715347111225128+0.0983804240822792j),(-0.2715347111225128-0.0983804240822792j),(0.23634959757328033+0.1676548719406128j),(0.23634959757328033-0.1676548719406128j),(0.23891130089759827+0j),(0.03814225271344185+0.24944809079170227j),(0.03814225271344185-0.24944809079170227j),(0.08226999640464783+0.23042240738868713j),(0.08226999640464783-0.23042240738868713j),(-0.015815235674381256+0.23645472526550293j),(-0.015815235674381256-0.23645472526550293j),(0.17078237235546112+0.1387833207845688j),(0.17078237235546112-0.1387833207845688j),(-0.22580890357494354+0j),(-0.14441239833831787+0.15672649443149567j),(-0.14441239833831787-0.15672649443149567j),(0.22217419743537903+0j),(-0.2062818706035614+0.0526483990252018j),(-0.2062818706035614-0.0526483990252018j),(0.09798890352249146+0.16559866070747375j),(0.09798890352249146-0.16559866070747375j),(0.1857767254114151+0j),(-0.04554261639714241+0.15888191759586334j),(-0.04554261639714241-0.15888191759586334j),(-0.10842122882604599+0.05644601956009865j),(-0.10842122882604599-0.05644601956009865j),(-0.041129935532808304+0.1127481609582901j),(-0.041129935532808304-0.1127481609582901j),(-0.12912756204605103+0j),(-0.015871409326791763+0.022696254774928093j),(-0.015871409326791763-0.022696254774928093j),(0.0569738894701004+0.017081916332244873j),(0.0569738894701004-0.017081916332244873j),(0.09595558792352676+0j)
(1.030885934829712+0j),(0.8809527158737183+0j),(0.8252012133598328+0j),(0.7895194888114929+0j),(0.726667582988739+0.03490965813398361j),(0.726667582988739-0.03490965813398361j),(0.7151929140090942+0j),(-0.5974059700965881+0j),(0.6000156998634338+0.11128129810094833j),(0.6000156998634338-0.11128129810094833j),(-0.4530644714832306+0.2714155912399292j),(-0.4530644714832306-0.2714155912399292j),(-0.3401024043560028+0.40918880701065063j),(-0.3401024043560028-0.40918880701065063j),(0.22605746984481812+0.48593538999557495j),(0.22605746984481812-0.48593538999557495j),(0.5848208665847778+0.03808918222784996j),(0.5848208665847778-0.03808918222784996j),(-0.5065706372261047+0.0944085493683815j),(-0.5065706372261047-0.0944085493683815j),(0.059958796948194504+0.5149796605110168j),(0.059958796948194504-0.5149796605110168j),(-0.17071877419948578+0.4883263409137726j),(-0.17071877419948578-0.4883263409137726j),(0.4107501208782196+0.3132527470588684j),(0.4107501208782196-0.3132527470588684j),(0.535153329372406+0.007824975065886974j),(0.535153329372406-0.007824975065886974j),(0.3412421643733978+0.35814428329467773j),(0.3412421643733978-0.35814428329467773j),(0.4501468241214752+0.230363130569458j),(0.4501468241214752-0.230363130569458j),(-0.1283087134361267+0.46704721450805664j),(-0.1283087134361267-0.46704721450805664j),(0.36194103956222534+0.3186604380607605j),(0.36194103956222534-0.3186604380607605j),(0.46371689438819885+0j),(-0.25586485862731934+0.4072095453739166j),(-0.25586485862731934-0.4072095453739166j),(-0.007592217531055212+0.4664323031902313j),(-0.007592217531055212-0.4664323031902313j),(0.46471771597862244+0.1283206343650818j),(0.46471771597862244-0.1283206343650818j),(0.429362416267395+0.1958090364933014j),(0.429362416267395-0.1958090364933014j),(0.0897943526506424+0.42953941226005554j),(0.0897943526506424-0.42953941226005554j),(-0.1488708257675171+0.4221625328063965j),(-0.1488708257675171-0.4221625328063965j),(-0.42598825693130493+0.12743084132671356j),(-0.42598825693130493-0.12743084132671356j),(0.2152838259935379+0.3674691915512085j),(0.2152838259935379-0.3674691915512085j),(-0.37547269463539124+0.1896611750125885j),(-0.37547269463539124-0.1896611750125885j),(-0.29311633110046387+0.29273557662963867j),(-0.29311633110046387-0.29273557662963867j),(0.408573180437088+0.11260505020618439j),(0.408573180437088-0.11260505020618439j),(-0.33856451511383057+0.19463439285755157j),(-0.33856451511383057-0.19463439285755157j),(-0.21289479732513428+0.31042540073394775j),(-0.21289479732513428-0.31042540073394775j),(-0.3705020546913147+0.06976479291915894j),(-0.3705020546913147-0.06976479291915894j),(-0.16113921999931335+0.3307230770587921j),(-0.16113921999931335-0.3307230770587921j),(-0.3785105347633362+0.010167951695621014j),(-0.3785105347633362-0.010167951695621014j),(-0.06820579618215561+0.3617149889469147j),(-0.06820579618215561-0.3617149889469147j),(0.02050555869936943+0.3523591160774231j),(0.02050555869936943-0.3523591160774231j),(0.19423092901706696+0.3016446828842163j),(0.19423092901706696-0.3016446828842163j),(0.3305399417877197+0.16645696759223938j),(0.3305399417877197-0.16645696759223938j),(-0.049507103860378265+0.3443832993507385j),(-0.049507103860378265-0.3443832993507385j),(0.2590509355068207+0.23589538037776947j),(0.2590509355068207-0.23589538037776947j),(0.35021519660949707+0j),(0.3028099238872528+0.1509789526462555j),(0.3028099238872528-0.1509789526462555j),(-0.2329292893409729+0.1918642371892929j),(-0.2329292893409729-0.1918642371892929j),(0.3085428774356842+0.12216787040233612j),(0.3085428774356842-0.12216787040233612j),(-0.2961863875389099+0.05415796488523483j),(-0.2961863875389099-0.05415796488523483j),(-0.2730450928211212+0.10699701309204102j),(-0.2730450928211212-0.10699701309204102j),(-0.11006206274032593+0.2730163633823395j),(-0.11006206274032593-0.2730163633823395j),(-0.1412445455789566+0.23608626425266266j),(-0.1412445455789566-0.23608626425266266j),(0.2420976459980011+0.15200205147266388j),(0.2420976459980011-0.15200205147266388j),(0.07308697700500488+0.24726621806621552j),(0.07308697700500488-0.24726621806621552j),(0.2699642479419708+0j),(-0.0024730616714805365+0.23225803673267365j),(-0.0024730616714805365-0.23225803673267365j),(-0.14229105412960052+0.1618412435054779j),(-0.14229105412960052-0.1618412435054779j),(-0.21072833240032196+0.04260973632335663j),(-0.21072833240032196-0.04260973632335663j),(-0.16729100048542023+0j),(0.16750289499759674+0.15774479508399963j),(0.16750289499759674-0.15774479508399963j),(0.04573200270533562+0.21007326245307922j),(0.04573200270533562-0.21007326245307922j),(0.13610143959522247+0.168985515832901j),(0.13610143959522247-0.168985515832901j),(0.18308275938034058+0.04481351748108864j),(0.18308275938034058-0.04481351748108864j),(-0.0501626618206501+0.15895357728004456j),(-0.0501626618206501-0.15895357728004456j),(-0.12018992006778717+0.05583999305963516j),(-0.12018992006778717-0.05583999305963516j),(-0.037482552230358124+0.11932775378227234j),(-0.037482552230358124-0.11932775378227234j),(-0.12355510145425797+0j),(-0.023754382506012917+0.028134839609265327j),(-0.023754382506012917-0.028134839609265327j),(0.06591971218585968+0.027978919446468353j),(0.06591971218585968-0.027978919446468353j),(0.0995754674077034+0j)
(1.009985089302063+0j),(0.8592894673347473+0j),(0.8185869455337524+0.0019698496907949448j),(0.8185869455337524-0.0019698496907949448j),(0.7543761730194092+0.03576383739709854j),(0.7543761730194092-0.03576383739709854j),(-0.6008144021034241+0j),(0.6942718029022217+0j),(0.6274574995040894+0.056761834770441055j),(0.6274574995040894-0.056761834770441055j),(0.6011065244674683+0.07458971440792084j),(0.6011065244674683-0.07458971440792084j),(-0.4475196599960327+0.2686378061771393j),(-0.4475196599960327-0.2686378061771393j),(-0.3366536498069763+0.40627995133399963j),(-0.3366536498069763-0.40627995133399963j),(0.22987492382526398+0.47964224219322205j),(0.22987492382526398-0.47964224219322205j),(-0.49940454959869385+0.10049690306186676j),(-0.49940454959869385-0.10049690306186676j),(0.06239994615316391+0.5112557411193848j),(0.06239994615316391-0.5112557411193848j),(-0.16976116597652435+0.4852428138256073j),(-0.16976116597652435-0.4852428138256073j),(0.5515723824501038+0j),(0.3659970462322235+0.360088974237442j),(0.3659970462322235-0.360088974237442j),(0.5332852005958557+0j),(0.45899274945259094+0.24607440829277039j),(0.45899274945259094-0.24607440829277039j),(-0.2475450336933136+0.4103929400444031j),(-0.2475450336933136-0.4103929400444031j),(0.4114070534706116+0.3041909337043762j),(0.4114070534706116-0.3041909337043762j),(-0.11651958525180817+0.46483948826789856j),(-0.11651958525180817-0.46483948826789856j),(-0.006485275458544493+0.46063074469566345j),(-0.006485275458544493-0.46063074469566345j),(-0.15213671326637268+0.41916367411613464j),(-0.15213671326637268-0.41916367411613464j),(0.47443264722824097+0.13877837359905243j),(0.47443264722824097-0.13877837359905243j),(-0.42878973484039307+0.11330368369817734j),(-0.42878973484039307-0.11330368369817734j),(0.09446920454502106+0.42210230231285095j),(0.09446920454502106-0.42210230231285095j),(0.4295538663864136+0.17937126755714417j),(0.4295538663864136-0.17937126755714417j),(-0.37730905413627625+0.1914157122373581j),(-0.37730905413627625-0.1914157122373581j),(0.3136124610900879+0.31163090467453003j),(0.3136124610900879-0.31163090467453003j),(0.46176591515541077+0j),(-0.2976841926574707+0.2824989855289459j),(-0.2976841926574707-0.2824989855289459j),(0.22017940878868103+0.35037800669670105j),(0.22017940878868103-0.35037800669670105j),(-0.32953256368637085+0.1930558979511261j),(-0.32953256368637085-0.1930558979511261j),(-0.38320639729499817+0j),(-0.21495170891284943+0.30447566509246826j),(-0.21495170891284943-0.30447566509246826j),(-0.09414736181497574+0.36460354924201965j),(-0.09414736181497574-0.36460354924201965j),(-0.13527031242847443+0.34619057178497314j),(-0.13527031242847443-0.34619057178497314j),(-0.36379560828208923+0.07853558659553528j),(-0.36379560828208923-0.07853558659553528j),(0.05064966529607773+0.3546353578567505j),(0.05064966529607773-0.3546353578567505j),(0.1972111165523529+0.31452739238739014j),(0.1972111165523529-0.31452739238739014j),(0.40312460064888+0.09802790731191635j),(0.40312460064888-0.09802790731191635j),(0.3462325930595398+0.17310622334480286j),(0.3462325930595398-0.17310622334480286j),(-0.34849199652671814+0j),(0.2606617510318756+0.2356072962284088j),(0.2606617510318756-0.2356072962284088j),(-0.05899219214916229+0.3379296362400055j),(-0.05899219214916229-0.3379296362400055j),(0.35643425583839417+0j),(0.33024364709854126+0.13978354632854462j),(0.33024364709854126-0.13978354632854462j),(0.2844826877117157+0.1947428286075592j),(0.2844826877117157-0.1947428286075592j),(-0.2964054048061371+0.039676159620285034j),(-0.2964054048061371-0.039676159620285034j),(-0.2706758677959442+0.11889518797397614j),(-0.2706758677959442-0.11889518797397614j),(0.2590191960334778+0j),(-0.22431981563568115+0.18368171155452728j),(-0.22431981563568115-0.18368171155452728j),(-0.09978988021612167+0.2706523537635803j),(-0.09978988021612167-0.2706523537635803j),(-0.14676456153392792+0.23128798604011536j),(-0.14676456153392792-0.23128798604011536j),(0.2703016698360443+0.10299410670995712j),(0.2703016698360443-0.10299410670995712j),(0.06045428663492203+0.2502954602241516j),(0.06045428663492203-0.2502954602241516j),(0.19473212957382202+0.14689484238624573j),(0.19473212957382202-0.14689484238624573j),(0.012593744322657585+0.21816767752170563j),(0.012593744322657585-0.21816767752170563j),(-0.20921730995178223+0.039876192808151245j),(-0.20921730995178223-0.039876192808151245j),(0.020498311147093773+0.19722560048103333j),(0.020498311147093773-0.19722560048103333j),(0.133117213845253+0.13594259321689606j),(0.133117213845253-0.13594259321689606j),(-0.13049694895744324+0.14955641329288483j),(-0.13049694895744324-0.14955641329288483j),(0.19091016054153442+0.05435842648148537j),(0.19091016054153442-0.05435842648148537j),(-0.15421897172927856+0j),(-0.048786405473947525+0.1539992392063141j),(-0.048786405473947525-0.1539992392063141j),(-0.11801447719335556+0.08326322585344315j),(-0.11801447719335556-0.08326322585344315j),(-0.12981151044368744+0j),(-0.037270598113536835+0.12519776821136475j),(-0.037270598113536835-0.12519776821136475j),(0.09110899269580841+0.03893055021762848j),(0.09110899269580841-0.03893055021762848j),(-0.02474663034081459+0.011165979318320751j),(-0.02474663034081459-0.011165979318320751j),(0.09630444645881653+0j)
(1.0573252439498901+0j),(0.8529375195503235+0.013087340630590916j),(0.8529375195503235-0.013087340630590916j),(0.7972586154937744+0.015169032849371433j),(0.7972586154937744-0.015169032849371433j),(0.7594420313835144+0j),(-0.5979838967323303+0j),(0.6734118461608887+0.04205775260925293j),(0.6734118461608887-0.04205775260925293j),(0.6620804667472839+0j),(-0.33403047919273376+0.40619051456451416j),(-0.33403047919273376-0.40619051456451416j),(-0.439181387424469+0.27141261100769043j),(-0.439181387424469-0.27141261100769043j),(-0.49628347158432007+0.09912856668233871j),(-0.49628347158432007-0.09912856668233871j),(0.609967827796936+0.09392606467008591j),(0.609967827796936-0.09392606467008591j),(0.23193246126174927+0.48157909512519836j),(0.23193246126174927-0.48157909512519836j),(0.5772678852081299+0j),(-0.16731709241867065+0.4816441535949707j),(-0.16731709241867065-0.4816441535949707j),(0.06041166931390762+0.5111289024353027j),(0.06041166931390762-0.5111289024353027j),(-0.24313998222351074+0.4122781455516815j),(-0.24313998222351074-0.4122781455516815j),(-0.43698135018348694+0.11551948636770248j),(-0.43698135018348694-0.11551948636770248j),(0.37425199151039124+0.3531566262245178j),(0.37425199151039124-0.3531566262245178j),(0.54880690574646+0j),(-0.11231578141450882+0.45647430419921875j),(-0.11231578141450882-0.45647430419921875j),(0.45327016711235046+0.23895399272441864j),(0.45327016711235046-0.23895399272441864j),(0.4031583070755005+0.28934571146965027j),(0.4031583070755005-0.28934571146965027j),(-0.01742655597627163+0.449904203414917j),(-0.01742655597627163-0.449904203414917j),(-0.37934213876724243+0.19367025792598724j),(-0.37934213876724243-0.19367025792598724j),(0.48965588212013245+0.12061789631843567j),(0.48965588212013245-0.12061789631843567j),(0.46307405829429626+0.18455477058887482j),(0.46307405829429626-0.18455477058887482j),(-0.15187709033489227+0.4146009385585785j),(-0.15187709033489227-0.4146009385585785j),(0.10123727470636368+0.42697468400001526j),(0.10123727470636368-0.42697468400001526j),(-0.40338370203971863+0j),(-0.3021412789821625+0.28251540660858154j),(-0.3021412789821625-0.28251540660858154j),(0.32952168583869934+0.3191269040107727j),(0.32952168583869934-0.3191269040107727j),(-0.3381786048412323+0.1948767751455307j),(-0.3381786048412323-0.1948767751455307j),(0.470857709646225+0j),(-0.35791704058647156+0.0758802741765976j),(-0.35791704058647156-0.0758802741765976j),(-0.11118697375059128+0.37743237614631653j),(-0.11118697375059128-0.37743237614631653j),(0.22187280654907227+0.34392082691192627j),(0.22187280654907227-0.34392082691192627j),(-0.21321076154708862+0.30151787400245667j),(-0.21321076154708862-0.30151787400245667j),(-0.3362121880054474+0j),(-0.10821020603179932+0.34886854887008667j),(-0.10821020603179932-0.34886854887008667j),(0.4134346544742584+0.09139297902584076j),(0.4134346544742584-0.09139297902584076j),(0.19795823097229004+0.31629467010498047j),(0.19795823097229004-0.31629467010498047j),(0.052677981555461884+0.3474569022655487j),(0.052677981555461884-0.3474569022655487j),(0.37602394819259644+0j),(0.34949764609336853+0.1685381680727005j),(0.34949764609336853-0.1685381680727005j),(-0.04550750553607941+0.3331450819969177j),(-0.04550750553607941-0.3331450819969177j),(-0.2937493622303009+0.04830173775553703j),(-0.2937493622303009-0.04830173775553703j),(0.27951690554618835+0.22348114848136902j),(0.27951690554618835-0.22348114848136902j),(-0.26059621572494507+0.11978353559970856j),(-0.26059621572494507-0.11978353559970856j),(-0.21281465888023376+0.18841472268104553j),(-0.21281465888023376-0.18841472268104553j),(0.32416486740112305+0.13052526116371155j),(0.32416486740112305-0.13052526116371155j),(-0.09636092185974121+0.27654650807380676j),(-0.09636092185974121-0.27654650807380676j),(0.2771693766117096+0.18656352162361145j),(0.2771693766117096-0.18656352162361145j),(0.264526903629303+0j),(-0.1496766358613968+0.2343771904706955j),(-0.1496766358613968-0.2343771904706955j),(0.2603382468223572+0.1057063415646553j),(0.2603382468223572-0.1057063415646553j),(-0.2111411690711975+0.04468614235520363j),(-0.2111411690711975-0.04468614235520363j),(0.03959984704852104+0.24022945761680603j),(0.03959984704852104-0.24022945761680603j),(0.0582951158285141+0.21576368808746338j),(0.0582951158285141-0.21576368808746338j),(0.1785726547241211+0.1462254375219345j),(0.1785726547241211-0.1462254375219345j),(-0.17139579355716705+0j),(-0.13526108860969543+0.13965347409248352j),(-0.13526108860969543-0.13965347409248352j),(0.2073756605386734+0.07194945961236954j),(0.2073756605386734-0.07194945961236954j),(0.011774811893701553+0.1880633383989334j),(0.011774811893701553-0.1880633383989334j),(-0.037131235003471375+0.15737198293209076j),(-0.037131235003471375-0.15737198293209076j),(-0.11775001883506775+0.08312094956636429j),(-0.11775001883506775-0.08312094956636429j),(0.10384463518857956+0.14326916635036469j),(0.10384463518857956-0.14326916635036469j),(-0.11593694984912872+0j),(-0.01668539270758629+0.11109819263219833j),(-0.01668539270758629-0.11109819263219833j),(-0.02763935551047325+0.03446858376264572j),(-0.02763935551047325-0.03446858376264572j),(0.09105587005615234+0.049530159682035446j),(0.09105587005615234-0.049530159682035446j),(0.10967420786619186+0j)
(1.0025715827941895+0j),(0.8652733564376831+0j),(0.8358134031295776+0.04773077368736267j),(0.8358134031295776-0.04773077368736267j),(0.8057270646095276+0j),(0.787777304649353+0j),(0.7657636404037476+0j),(0.710811197757721+0.011463472619652748j),(0.710811197757721-0.011463472619652748j),(-0.5955031514167786+0j),(-0.33205458521842957+0.3997100591659546j),(-0.33205458521842957-0.3997100591659546j),(-0.424068808555603+0.2791931629180908j),(-0.424068808555603-0.2791931629180908j),(0.23974668979644775+0.4727799594402313j),(0.23974668979644775-0.4727799594402313j),(0.5896705389022827+0j),(-0.485738068819046+0.09998174011707306j),(-0.485738068819046-0.09998174011707306j),(0.06830527633428574+0.5129026770591736j),(0.06830527633428574-0.5129026770591736j),(0.5581265091896057+0.1040419191122055j),(0.5581265091896057-0.1040419191122055j),(-0.17391516268253326+0.4774576723575592j),(-0.17391516268253326-0.4774576723575592j),(0.5602467656135559+0.025803709402680397j),(0.5602467656135559-0.025803709402680397j),(0.4704534113407135+0.2371651977300644j),(0.4704534113407135-0.2371651977300644j),(-0.44722938537597656+0.10943713784217834j),(-0.44722938537597656-0.10943713784217834j),(-0.2411201298236847+0.40828508138656616j),(-0.2411201298236847-0.40828508138656616j),(-0.10053342580795288+0.46509313583374023j),(-0.10053342580795288-0.46509313583374023j),(0.33126765489578247+0.35837626457214355j),(0.33126765489578247-0.35837626457214355j),(0.4828270971775055+0.15306459367275238j),(0.4828270971775055-0.15306459367275238j),(-0.015930363908410072+0.44947102665901184j),(-0.015930363908410072-0.44947102665901184j),(-0.1624477356672287+0.41823503375053406j),(-0.1624477356672287-0.41823503375053406j),(0.400165319442749+0.28628045320510864j),(0.400165319442749-0.28628045320510864j),(0.10934903472661972+0.4284032881259918j),(0.10934903472661972-0.4284032881259918j),(-0.36895403265953064+0.19629861414432526j),(-0.36895403265953064-0.19629861414432526j),(-0.30177634954452515+0.28647586703300476j),(-0.30177634954452515-0.28647586703300476j),(0.3668000102043152+0.28914764523506165j),(0.3668000102043152-0.28914764523506165j),(-0.332623153924942+0.20504814386367798j),(-0.332623153924942-0.20504814386367798j),(-0.37327373027801514+0.029689552262425423j),(-0.37327373027801514-0.029689552262425423j),(-0.3586220145225525+0.06008473411202431j),(-0.3586220145225525-0.06008473411202431j),(0.44348421692848206+0.06379970908164978j),(0.44348421692848206-0.06379970908164978j),(-0.0935354232788086+0.37911146879196167j),(-0.0935354232788086-0.37911146879196167j),(0.21561861038208008+0.33418458700180054j),(0.21561861038208008-0.33418458700180054j),(-0.20769532024860382+0.3042651414871216j),(-0.20769532024860382-0.3042651414871216j),(0.41091713309288025+0.133309468626976j),(0.41091713309288025-0.133309468626976j),(0.3795389235019684+0j),(-0.11060012131929398+0.3464462459087372j),(-0.11060012131929398-0.3464462459087372j),(0.1934175193309784+0.31492817401885986j),(0.1934175193309784-0.31492817401885986j),(0.35123714804649353+0.17925357818603516j),(0.35123714804649353-0.17925357818603516j),(0.048728570342063904+0.33834749460220337j),(0.048728570342063904-0.33834749460220337j),(-0.06371594965457916+0.3406783938407898j),(-0.06371594965457916-0.3406783938407898j),(0.29151999950408936+0.21437004208564758j),(0.29151999950408936-0.21437004208564758j),(0.32084783911705017+0.12257031351327896j),(0.32084783911705017-0.12257031351327896j),(-0.2870948612689972+0.07034432142972946j),(-0.2870948612689972-0.07034432142972946j),(0.30695056915283203+0.14314687252044678j),(0.30695056915283203-0.14314687252044678j),(-0.11424570530653+0.27245551347732544j),(-0.11424570530653-0.27245551347732544j),(0.27573513984680176+0j),(-0.20781387388706207+0.1765989065170288j),(-0.20781387388706207-0.1765989065170288j),(-0.24500232934951782+0.10897060483694077j),(-0.24500232934951782-0.10897060483694077j),(-0.10511136054992676+0.22647011280059814j),(-0.10511136054992676-0.22647011280059814j),(0.2348254770040512+0.1382758915424347j),(0.2348254770040512-0.1382758915424347j),(0.05111590027809143+0.23012953996658325j),(0.05111590027809143-0.23012953996658325j),(0.14434032142162323+0.19214306771755219j),(0.14434032142162323-0.19214306771755219j),(0.23923678696155548+0.06335512548685074j),(0.23923678696155548-0.06335512548685074j),(-0.00559684494510293+0.21950767934322357j),(-0.00559684494510293-0.21950767934322357j),(-0.20104727149009705+0.051013074815273285j),(-0.20104727149009705-0.051013074815273285j),(-0.14358769357204437+0.13930867612361908j),(-0.14358769357204437-0.13930867612361908j),(0.13663700222969055+0.15495827794075012j),(0.13663700222969055-0.15495827794075012j),(-0.16647744178771973+0j),(-0.12267513573169708+0.08737637102603912j),(-0.12267513573169708-0.08737637102603912j),(-0.050991617143154144+0.13344702124595642j),(-0.050991617143154144-0.13344702124595642j),(0.02292625792324543+0.1285601109266281j),(0.02292625792324543-0.1285601109266281j),(0.06413424760103226+0.13108892738819122j),(0.06413424760103226-0.13108892738819122j),(0.0010574021143838763+0j),(-0.08880078047513962+0.02876516990363598j),(-0.08880078047513962-0.02876516990363598j),(0.10636086761951447+0.03440477326512337j),(0.10636086761951447-0.03440477326512337j),(0.1114317774772644+0j)
(1.0157155990600586+0j),(0.8591540455818176+0.04230192303657532j),(0.8591540455818176-0.04230192303657532j),(0.8142706155776978+0j),(0.8086251020431519+0.04493223875761032j),(0.8086251020431519-0.04493223875761032j),(0.7663524150848389+0j),(-0.5972245931625366+0j),(0.7082489132881165+0j),(0.6522959470748901+0j),(0.5992185473442078+0j),(-0.488109290599823+0.1192561462521553j),(-0.488109290599823-0.1192561462521553j),(-0.3305267095565796+0.3814808130264282j),(-0.3305267095565796-0.3814808130264282j),(-0.4102759063243866+0.2762719988822937j),(-0.4102759063243866-0.2762719988822937j),(0.22627472877502441+0.4724736213684082j),(0.22627472877502441-0.4724736213684082j),(-0.17062558233737946+0.476240336894989j),(-0.17062558233737946-0.476240336894989j),(0.5782728791236877+0j),(0.07944812625646591+0.49570685625076294j),(0.07944812625646591-0.49570685625076294j),(0.5513622760772705+0.08467221260070801j),(0.5513622760772705-0.08467221260070801j),(-0.23767592012882233+0.3956303000450134j),(-0.23767592012882233-0.3956303000450134j),(-0.10145585983991623+0.45970654487609863j),(-0.10145585983991623-0.45970654487609863j),(-0.4424941837787628+0.08628136664628983j),(-0.4424941837787628-0.08628136664628983j),(0.5007926821708679+0.1527113914489746j),(0.5007926821708679-0.1527113914489746j),(0.3340417444705963+0.353793740272522j),(0.3340417444705963-0.353793740272522j),(0.456859290599823+0.22326046228408813j),(0.456859290599823-0.22326046228408813j),(-0.019658289849758148+0.447165846824646j),(-0.019658289849758148-0.447165846824646j),(0.5081621408462524+0j),(0.10936425626277924+0.42637205123901367j),(0.10936425626277924-0.42637205123901367j),(0.3905969560146332+0.28474950790405273j),(0.3905969560146332-0.28474950790405273j),(-0.3019121289253235+0.2917095422744751j),(-0.3019121289253235-0.2917095422744751j),(-0.3622761368751526+0.2101278305053711j),(-0.3622761368751526-0.2101278305053711j),(-0.11858862638473511+0.4091986119747162j),(-0.11858862638473511-0.4091986119747162j),(0.3731180429458618+0.278933584690094j),(0.3731180429458618-0.278933584690094j),(-0.16161300241947174+0.35939618945121765j),(-0.16161300241947174-0.35939618945121765j),(-0.32239359617233276+0.19842128455638885j),(-0.32239359617233276-0.19842128455638885j),(0.4512975513935089+0.11618667840957642j),(0.4512975513935089-0.11618667840957642j),(-0.20175132155418396+0.30635011196136475j),(-0.20175132155418396-0.30635011196136475j),(0.2212994545698166+0.3345286548137665j),(0.2212994545698166-0.3345286548137665j),(-0.054457634687423706+0.3765670657157898j),(-0.054457634687423706-0.3765670657157898j),(-0.37462908029556274+0.027837296947836876j),(-0.37462908029556274-0.027837296947836876j),(0.44084489345550537+0.06629451364278793j),(0.44084489345550537-0.06629451364278793j),(0.39021509885787964+0j),(-0.3466375768184662+0.03611376881599426j),(-0.3466375768184662-0.03611376881599426j),(0.1941973716020584+0.30487436056137085j),(0.1941973716020584-0.30487436056137085j),(0.3378618359565735+0.1889784187078476j),(0.3378618359565735-0.1889784187078476j),(-0.052780576050281525+0.3247331976890564j),(-0.052780576050281525-0.3247331976890564j),(0.34766885638237+0.14627812802791595j),(0.34766885638237-0.14627812802791595j),(0.06004951149225235+0.3176957368850708j),(0.06004951149225235-0.3176957368850708j),(0.2853727340698242+0.2161993384361267j),(0.2853727340698242-0.2161993384361267j),(-0.100062794983387+0.287107914686203j),(-0.100062794983387-0.287107914686203j),(-0.29629087448120117+0.05012013763189316j),(-0.29629087448120117-0.05012013763189316j),(0.32850345969200134+0.11631356924772263j),(0.32850345969200134-0.11631356924772263j),(-0.2099183052778244+0.16461537778377533j),(-0.2099183052778244-0.16461537778377533j),(0.05970276519656181+0.2608605623245239j),(0.05970276519656181-0.2608605623245239j),(0.22489884495735168+0.1830832064151764j),(0.22489884495735168-0.1830832064151764j),(-0.09155597537755966+0.22432544827461243j),(-0.09155597537755966-0.22432544827461243j),(-0.22094354033470154+0.08872099220752716j),(-0.22094354033470154-0.08872099220752716j),(0.24148063361644745+0.11347721517086029j),(0.24148063361644745-0.11347721517086029j),(0.2715352773666382+0.04443628340959549j),(0.2715352773666382-0.04443628340959549j),(-0.16499952971935272+0.130386084318161j),(-0.16499952971935272-0.130386084318161j),(-0.1993410885334015+0.05652955174446106j),(-0.1993410885334015-0.05652955174446106j),(0.1458091288805008+0.1585351973772049j),(0.1458091288805008-0.1585351973772049j),(0.2312241494655609+0j),(-0.19185777008533478+0j),(-0.0031921889167279005+0.19967734813690186j),(-0.0031921889167279005-0.19967734813690186j),(0.06224755570292473+0.1844063699245453j),(0.06224755570292473-0.1844063699245453j),(-0.11213519424200058+0.1064060851931572j),(-0.11213519424200058-0.1064060851931572j),(0.15622679889202118+0j),(0.021550597622990608+0.14050142467021942j),(0.021550597622990608-0.14050142467021942j),(-0.03472704067826271+0.09801959246397018j),(-0.03472704067826271-0.09801959246397018j),(-0.10238432884216309+0.03423357382416725j),(-0.10238432884216309-0.03423357382416725j),(0.07394467294216156+0.04582653194665909j),(0.07394467294216156-0.04582653194665909j),(0.015049631707370281+0j)
(1.0209437608718872+0j),(0.8630262017250061+0.03767846152186394j),(0.8630262017250061-0.03767846152186394j),(0.8387914299964905+0j),(0.8076019883155823+0.03814411535859108j),(0.8076019883155823-0.03814411535859108j),(0.7614477276802063+0j),(-0.5959226489067078+0j),(0.7159429788589478+0j),(0.6620268821716309+0j),(-0.48045527935028076+0.11493377387523651j),(-0.48045527935028076-0.11493377387523651j),(-0.3338204622268677+0.37726208567619324j),(-0.3338204622268677-0.37726208567619324j),(-0.4070649743080139+0.2769683599472046j),(-0.4070649743080139-0.2769683599472046j),(-0.17017847299575806+0.4803321063518524j),(-0.17017847299575806-0.4803321063518524j),(0.6061620712280273+0j),(0.23027706146240234+0.46980521082878113j),(0.23027706146240234-0.46980521082878113j),(0.5881890058517456+0j),(0.08421246707439423+0.4904744327068329j),(0.08421246707439423-0.4904744327068329j),(-0.4457920491695404+0.08666533976793289j),(-0.4457920491695404-0.08666533976793289j),(0.5566316843032837+0.07160458713769913j),(0.5566316843032837-0.07160458713769913j),(0.4725620448589325+0.2203965187072754j),(0.4725620448589325-0.2203965187072754j),(-0.2342517375946045+0.3921387791633606j),(-0.2342517375946045-0.3921387791633606j),(0.528100848197937+0j),(-0.09743645042181015+0.4538654685020447j),(-0.09743645042181015-0.4538654685020447j),(0.500877320766449+0.14532731473445892j),(0.500877320766449-0.14532731473445892j),(0.3355485200881958+0.34781724214553833j),(0.3355485200881958-0.34781724214553833j),(0.4016059935092926+0.28280434012413025j),(0.4016059935092926-0.28280434012413025j),(-0.014894651249051094+0.4465996325016022j),(-0.014894651249051094-0.4465996325016022j),(0.49256840348243713+0j),(-0.3589215576648712+0.21375887095928192j),(-0.3589215576648712-0.21375887095928192j),(0.10668602585792542+0.42081737518310547j),(0.10668602585792542-0.42081737518310547j),(-0.2965642213821411+0.28722381591796875j),(-0.2965642213821411-0.28722381591796875j),(-0.11344688385725021+0.39384159445762634j),(-0.11344688385725021-0.39384159445762634j),(-0.1476094275712967+0.37634986639022827j),(-0.1476094275712967-0.37634986639022827j),(-0.3221248388290405+0.19299893081188202j),(-0.3221248388290405-0.19299893081188202j),(0.4421086609363556+0.11008945107460022j),(0.4421086609363556-0.11008945107460022j),(0.3400914669036865+0.26282402873039246j),(0.3400914669036865-0.26282402873039246j),(-0.05607730522751808+0.37670624256134033j),(-0.05607730522751808-0.37670624256134033j),(0.22334089875221252+0.3270862102508545j),(0.22334089875221252-0.3270862102508545j),(-0.19589005410671234+0.30578380823135376j),(-0.19589005410671234-0.30578380823135376j),(-0.3660612404346466+0.021164176985621452j),(-0.3660612404346466-0.021164176985621452j),(0.378545880317688+0.18822120130062103j),(0.378545880317688-0.18822120130062103j),(-0.35152894258499146+0.028890198096632957j),(-0.35152894258499146-0.028890198096632957j),(0.41826295852661133+0.010502631776034832j),(0.41826295852661133-0.010502631776034832j),(0.18756002187728882+0.3038288354873657j),(0.18756002187728882-0.3038288354873657j),(-0.060417938977479935+0.3243468999862671j),(-0.060417938977479935-0.3243468999862671j),(0.28250670433044434+0.2181698977947235j),(0.28250670433044434-0.2181698977947235j),(0.33573830127716064+0.15255403518676758j),(0.33573830127716064-0.15255403518676758j),(-0.10954896360635757+0.29836833477020264j),(-0.10954896360635757-0.29836833477020264j),(0.0720728188753128+0.3032447397708893j),(0.0720728188753128-0.3032447397708893j),(0.33235669136047363+0.11655734479427338j),(0.33235669136047363-0.11655734479427338j),(-0.29615846276283264+0.04785795882344246j),(-0.29615846276283264-0.04785795882344246j),(0.0442742295563221+0.2749510109424591j),(0.0442742295563221-0.2749510109424591j),(0.24226675927639008+0.16734760999679565j),(0.24226675927639008-0.16734760999679565j),(-0.20572544634342194+0.16952580213546753j),(-0.20572544634342194-0.16952580213546753j),(0.28675752878189087+0j),(0.2828851044178009+0j),(-0.2252083718776703+0.07990473508834839j),(-0.2252083718776703-0.07990473508834839j),(-0.08383163809776306+0.2113322913646698j),(-0.08383163809776306-0.2113322913646698j),(0.22132043540477753+0.11221901327371597j),(0.22132043540477753-0.11221901327371597j),(-0.16467328369617462+0.13293617963790894j),(-0.16467328369617462-0.13293617963790894j),(0.15167449414730072+0.1758880913257599j),(0.15167449414730072-0.1758880913257599j),(-0.19646026194095612+0j),(-0.18885116279125214+0.0521894209086895j),(-0.18885116279125214-0.0521894209086895j),(-0.007116897497326136+0.20390860736370087j),(-0.007116897497326136-0.20390860736370087j),(0.07469651103019714+0.1749257743358612j),(0.07469651103019714-0.1749257743358612j),(-0.11525086313486099+0.1127956211566925j),(-0.11525086313486099-0.1127956211566925j),(0.02864847704768181+0j),(0.010821581818163395+0.15551114082336426j),(0.010821581818163395-0.15551114082336426j),(0.18944436311721802+0.009402800351381302j),(0.18944436311721802-0.009402800351381302j),(-0.029843950644135475+0.09253549575805664j),(-0.029843950644135475-0.09253549575805664j),(-0.09426136314868927+0.027721036225557327j),(-0.09426136314868927-0.027721036225557327j),(0.07215550541877747+0.04443823918700218j),(0.07215550541877747-0.04443823918700218j)
(1.0305466651916504+0j),(0.8618056178092957+0.036579299718141556j),(0.8618056178092957-0.036579299718141556j),(0.8416623473167419+0j),(0.8217666745185852+0j),(-0.5930071473121643+0j),(0.7809959053993225+0.013546998612582684j),(0.7809959053993225-0.013546998612582684j),(0.7355877161026001+0j),(0.6571239233016968+0j),(0.628099799156189+0j),(-0.3241099715232849+0.3682107925415039j),(-0.3241099715232849-0.3682107925415039j),(-0.3905314803123474+0.2818751037120819j),(-0.3905314803123474-0.2818751037120819j),(-0.47693318128585815+0.08234033733606339j),(-0.47693318128585815-0.08234033733606339j),(-0.16008998453617096+0.47423237562179565j),(-0.16008998453617096-0.47423237562179565j),(0.23198190331459045+0.4587303102016449j),(0.23198190331459045-0.4587303102016449j),(0.09083192050457001+0.4875123202800751j),(0.09083192050457001-0.4875123202800751j),(0.5805363059043884+0j),(-0.43099671602249146+0.1013808324933052j),(-0.43099671602249146-0.1013808324933052j),(0.5636992454528809+0.06599560379981995j),(0.5636992454528809-0.06599560379981995j),(-0.08441613614559174+0.4542616605758667j),(-0.08441613614559174-0.4542616605758667j),(-0.3639073073863983+0.21842950582504272j),(-0.3639073073863983-0.21842950582504272j),(-0.20147086679935455+0.38631176948547363j),(-0.20147086679935455-0.38631176948547363j),(0.5190352201461792+0.13730992376804352j),(0.5190352201461792-0.13730992376804352j),(-0.020119067281484604+0.43744295835494995j),(-0.020119067281484604-0.43744295835494995j),(-0.14903149008750916+0.4011856019496918j),(-0.14903149008750916-0.4011856019496918j),(0.1230967566370964+0.4231756329536438j),(0.1230967566370964-0.4231756329536438j),(0.4568259119987488+0.2154291272163391j),(0.4568259119987488-0.2154291272163391j),(0.3482837975025177+0.3247871398925781j),(0.3482837975025177-0.3247871398925781j),(-0.2776945233345032+0.27948200702667236j),(-0.2776945233345032-0.27948200702667236j),(0.38984382152557373+0.28179460763931274j),(0.38984382152557373-0.28179460763931274j),(-0.20084349811077118+0.32990071177482605j),(-0.20084349811077118-0.32990071177482605j),(-0.37369874119758606+0j),(-0.31500232219696045+0.18146763741970062j),(-0.31500232219696045-0.18146763741970062j),(-0.3667997419834137+0.029734114184975624j),(-0.3667997419834137-0.029734114184975624j),(0.4973222017288208+0.04079937934875488j),(0.4973222017288208-0.04079937934875488j),(0.453031450510025+0.10829892009496689j),(0.453031450510025-0.10829892009496689j),(-0.024163804948329926+0.3766416609287262j),(-0.024163804948329926-0.3766416609287262j),(-0.11048425734043121+0.3456185758113861j),(-0.11048425734043121-0.3456185758113861j),(0.35688120126724243+0.254927396774292j),(0.35688120126724243-0.254927396774292j),(0.22179485857486725+0.32545074820518494j),(0.22179485857486725-0.32545074820518494j),(0.024309681728482246+0.3535194993019104j),(0.024309681728482246-0.3535194993019104j),(-0.12495985627174377+0.2944374084472656j),(-0.12495985627174377-0.2944374084472656j),(-0.3003511130809784+0.05164308473467827j),(-0.3003511130809784-0.05164308473467827j),(0.35131335258483887+0.19464822113513947j),(0.35131335258483887-0.19464822113513947j),(0.41310861706733704+0.02699132077395916j),(0.41310861706733704-0.02699132077395916j),(-0.2923436760902405+0j),(-0.04196716472506523+0.30965855717658997j),(-0.04196716472506523-0.30965855717658997j),(0.19617031514644623+0.28441452980041504j),(0.19617031514644623-0.28441452980041504j),(0.3429739773273468+0.17836420238018036j),(0.3429739773273468-0.17836420238018036j),(0.3428204655647278+0.10441703349351883j),(0.3428204655647278-0.10441703349351883j),(-0.20138026773929596+0.17756065726280212j),(-0.20138026773929596-0.17756065726280212j),(0.30442726612091064+0.1597793847322464j),(0.30442726612091064-0.1597793847322464j),(-0.23082642257213593+0.08075844496488571j),(-0.23082642257213593-0.08075844496488571j),(0.09192343801259995+0.2535203993320465j),(0.09192343801259995-0.2535203993320465j),(0.2262411266565323+0.19290314614772797j),(0.2262411266565323-0.19290314614772797j),(-0.17442716658115387+0.12246917188167572j),(-0.17442716658115387-0.12246917188167572j),(-0.07950686663389206+0.2085820585489273j),(-0.07950686663389206-0.2085820585489273j),(0.1975366175174713+0.19177401065826416j),(0.1975366175174713-0.19177401065826416j),(-0.19425898790359497+0.05650157853960991j),(-0.19425898790359497-0.05650157853960991j),(-0.007965673692524433+0.21232762932777405j),(-0.007965673692524433-0.21232762932777405j),(0.21096228063106537+0.11943716555833817j),(0.21096228063106537-0.11943716555833817j),(-0.1829620897769928+0j),(0.28222358226776123+0.0056932359002530575j),(0.28222358226776123-0.0056932359002530575j),(0.2212589979171753+0j),(0.06918076425790787+0.17631831765174866j),(0.06918076425790787-0.17631831765174866j),(-0.08396769315004349+0.11798620969057083j),(-0.08396769315004349-0.11798620969057083j),(0.15954430401325226+0j),(-0.045289233326911926+0.10920096188783646j),(-0.045289233326911926-0.10920096188783646j),(0.014922155998647213+0.12193670868873596j),(0.014922155998647213-0.12193670868873596j),(0.08579466491937637+0.03705834224820137j),(0.08579466491937637-0.03705834224820137j),(-0.07237964123487473+0.003548234235495329j),(-0.07237964123487473-0.003548234235495329j),(0.027349509298801422+0j)
(1.0148547887802124+0j),(0.8688623309135437+0.021709781140089035j),(0.8688623309135437-0.021709781140089035j),(0.8322099447250366+0j),(0.8137457370758057+0j),(0.8057944178581238+0.012479538097977638j),(0.8057944178581238-0.012479538097977638j),(-0.5814420580863953+0j),(0.7096648216247559+0.021859992295503616j),(0.7096648216247559-0.021859992295503616j),(0.6356475949287415+0.02982909232378006j),(0.6356475949287415-0.02982909232378006j),(-0.4699316620826721+0.07932496815919876j),(-0.4699316620826721-0.07932496815919876j),(-0.38616886734962463+0.28755179047584534j),(-0.38616886734962463-0.28755179047584534j),(-0.32120123505592346+0.3685496747493744j),(-0.32120123505592346-0.3685496747493744j),(-0.1447913646697998+0.4730859696865082j),(-0.1447913646697998-0.4730859696865082j),(0.08978500962257385+0.49002715945243835j),(0.08978500962257385-0.49002715945243835j),(0.23133482038974762+0.44500860571861267j),(0.23133482038974762-0.44500860571861267j),(0.5432931780815125+0.14741666615009308j),(0.5432931780815125-0.14741666615009308j),(-0.36785271763801575+0.2217589020729065j),(-0.36785271763801575-0.2217589020729065j),(-0.4112367630004883+0.09203282743692398j),(-0.4112367630004883-0.09203282743692398j),(-0.21108922362327576+0.38914310932159424j),(-0.21108922362327576-0.38914310932159424j),(0.5621731877326965+0.04090765118598938j),(0.5621731877326965-0.04090765118598938j),(-0.07539835572242737+0.4435506761074066j),(-0.07539835572242737-0.4435506761074066j),(-0.1518239676952362+0.40712395310401917j),(-0.1518239676952362-0.40712395310401917j),(0.35804420709609985+0.33609306812286377j),(0.35804420709609985-0.33609306812286377j),(-0.014860622584819794+0.4321976602077484j),(-0.014860622584819794-0.4321976602077484j),(0.3916441798210144+0.2882276773452759j),(0.3916441798210144-0.2882276773452759j),(0.13959713280200958+0.41909947991371155j),(0.13959713280200958-0.41909947991371155j),(0.45707380771636963+0.20986422896385193j),(0.45707380771636963-0.20986422896385193j),(-0.2852974236011505+0.2685014009475708j),(-0.2852974236011505-0.2685014009475708j),(-0.2046169489622116+0.3293170630931854j),(-0.2046169489622116-0.3293170630931854j),(-0.36478930711746216+0j),(-0.37889569997787476+0.037287794053554535j),(-0.37889569997787476-0.037287794053554535j),(0.4134821891784668+0.20597252249717712j),(0.4134821891784668-0.20597252249717712j),(0.47172811627388+0.06997253000736237j),(0.47172811627388-0.06997253000736237j),(0.4864690601825714+0.013195248320698738j),(0.4864690601825714-0.013195248320698738j),(0.023300617933273315+0.3831704258918762j),(0.023300617933273315-0.3831704258918762j),(-0.2931242883205414+0.1760503351688385j),(-0.2931242883205414-0.1760503351688385j),(0.21732130646705627+0.32541775703430176j),(0.21732130646705627-0.32541775703430176j),(-0.32312238216400146+0j),(-0.134612575173378+0.29763704538345337j),(-0.134612575173378-0.29763704538345337j),(0.2997182011604309+0.24340857565402985j),(0.2997182011604309-0.24340857565402985j),(0.2220383584499359+0.28612521290779114j),(0.2220383584499359-0.28612521290779114j),(0.40314698219299316+0.04367966949939728j),(0.40314698219299316-0.04367966949939728j),(-0.0684475526213646+0.31995701789855957j),(-0.0684475526213646-0.31995701789855957j),(0.34973520040512085+0.16498638689517975j),(0.34973520040512085-0.16498638689517975j),(0.02419382333755493+0.32553350925445557j),(0.02419382333755493-0.32553350925445557j),(0.364186555147171+0.10734564065933228j),(0.364186555147171-0.10734564065933228j),(-0.0656505897641182+0.2854384183883667j),(-0.0656505897641182-0.2854384183883667j),(-0.28110435605049133+0.051893699914216995j),(-0.28110435605049133-0.051893699914216995j),(-0.20269392430782318+0.18806417286396027j),(-0.20269392430782318-0.18806417286396027j),(0.28907084465026855+0.1546286642551422j),(0.28907084465026855-0.1546286642551422j),(-0.253648042678833+0.08924166113138199j),(-0.253648042678833-0.08924166113138199j),(0.2282678186893463+0.19712170958518982j),(0.2282678186893463-0.19712170958518982j),(0.09163063019514084+0.24499917030334473j),(0.09163063019514084-0.24499917030334473j),(0.31478482484817505+0j),(0.19262538850307465+0.19591712951660156j),(0.19262538850307465-0.19591712951660156j),(-0.09073736518621445+0.20776210725307465j),(-0.09073736518621445-0.20776210725307465j),(0.0049912030808627605+0.22801154851913452j),(0.0049912030808627605-0.22801154851913452j),(-0.16511869430541992+0.11031211167573929j),(-0.16511869430541992-0.11031211167573929j),(-0.1799422651529312+0.06185166910290718j),(-0.1799422651529312-0.06185166910290718j),(0.21472714841365814+0.09901338070631027j),(0.21472714841365814-0.09901338070631027j),(-0.04062070697546005+0.15858237445354462j),(-0.04062070697546005-0.15858237445354462j),(0.05938620865345001+0.16243615746498108j),(0.05938620865345001-0.16243615746498108j),(-0.08343829214572906+0.12090899795293808j),(-0.08343829214572906-0.12090899795293808j),(0.18182098865509033+0j),(0.22919093072414398+0.0074863978661596775j),(0.22919093072414398-0.0074863978661596775j),(-0.16285660862922668+0j),(0.08878070116043091+0.06479786336421967j),(0.08878070116043091-0.06479786336421967j),(0.01618974842131138+0.08827618509531021j),(0.01618974842131138-0.08827618509531021j),(-0.07973357290029526+0j),(-0.037794455885887146+0j),(0.06703879684209824+0j)
(1.008919358253479+0j),(0.8680586814880371+0j),(0.8586879968643188+0.054232291877269745j),(0.8586879968643188-0.054232291877269745j),(0.8269913196563721+0j),(0.8035895824432373+0.026902005076408386j),(0.8035895824432373-0.026902005076408386j),(0.7048695683479309+0.022674648091197014j),(0.7048695683479309-0.022674648091197014j),(0.661052405834198+0.02376805804669857j),(0.661052405834198-0.02376805804669857j),(-0.49241188168525696+0j),(-0.46814674139022827+0.06560537219047546j),(-0.46814674139022827-0.06560537219047546j),(0.6018680334091187+0j),(-0.3802451491355896+0.2785818874835968j),(-0.3802451491355896-0.2785818874835968j),(-0.3006151020526886+0.372437983751297j),(-0.3006151020526886-0.372437983751297j),(0.23405924439430237+0.45244503021240234j),(0.23405924439430237-0.45244503021240234j),(0.0942048504948616+0.4859582483768463j),(0.0942048504948616-0.4859582483768463j),(-0.12534105777740479+0.45591720938682556j),(-0.12534105777740479-0.45591720938682556j),(-0.3617469072341919+0.2280740886926651j),(-0.3617469072341919-0.2280740886926651j),(0.5680131316184998+0.038368187844753265j),(0.5680131316184998-0.038368187844753265j),(-0.39322036504745483+0.11042997986078262j),(-0.39322036504745483-0.11042997986078262j),(0.5239105820655823+0.12729500234127045j),(0.5239105820655823-0.12729500234127045j),(-0.157479926943779+0.403751403093338j),(-0.157479926943779-0.403751403093338j),(-0.08343962579965591+0.43410247564315796j),(-0.08343962579965591-0.43410247564315796j),(0.4781276285648346+0.20690469443798065j),(0.4781276285648346-0.20690469443798065j),(-0.19506917893886566+0.37492603063583374j),(-0.19506917893886566-0.37492603063583374j),(-0.38931727409362793+0.020717622712254524j),(-0.38931727409362793-0.020717622712254524j),(0.3697606027126312+0.3194006681442261j),(0.3697606027126312-0.3194006681442261j),(-0.28516966104507446+0.2644258737564087j),(-0.28516966104507446-0.2644258737564087j),(-0.05289294943213463+0.4213488698005676j),(-0.05289294943213463-0.4213488698005676j),(-0.22067749500274658+0.32225075364112854j),(-0.22067749500274658-0.32225075364112854j),(0.37550872564315796+0.2939029037952423j),(0.37550872564315796-0.2939029037952423j),(-0.37011364102363586+0j),(0.1463891714811325+0.3882204294204712j),(0.1463891714811325-0.3882204294204712j),(0.02672404609620571+0.39385223388671875j),(0.02672404609620571-0.39385223388671875j),(0.47104206681251526+0.06669609248638153j),(0.47104206681251526-0.06669609248638153j),(0.4173726439476013+0.1791599690914154j),(0.4173726439476013-0.1791599690914154j),(-0.2773728370666504+0.18140079081058502j),(-0.2773728370666504-0.18140079081058502j),(0.4348886013031006+0j),(0.21925728023052216+0.33450770378112793j),(0.21925728023052216-0.33450770378112793j),(-0.3042053282260895+0j),(-0.12144738435745239+0.3017394244670868j),(-0.12144738435745239-0.3017394244670868j),(0.42394140362739563+0.06597625464200974j),(0.42394140362739563-0.06597625464200974j),(-0.036825377494096756+0.3239443898200989j),(-0.036825377494096756-0.3239443898200989j),(0.3597640097141266+0.17517895996570587j),(0.3597640097141266-0.17517895996570587j),(0.0357406847178936+0.3249627947807312j),(0.0357406847178936-0.3249627947807312j),(-0.2832282781600952+0.059492167085409164j),(-0.2832282781600952-0.059492167085409164j),(0.2888716161251068+0.23376953601837158j),(0.2888716161251068-0.23376953601837158j),(0.22315406799316406+0.27083757519721985j),(0.22315406799316406-0.27083757519721985j),(-0.25355619192123413+0.07095181196928024j),(-0.25355619192123413-0.07095181196928024j),(0.36779505014419556+0.10539305955171585j),(0.36779505014419556-0.10539305955171585j),(-0.06295236945152283+0.2690522372722626j),(-0.06295236945152283-0.2690522372722626j),(-0.17051509022712708+0.1904127299785614j),(-0.17051509022712708-0.1904127299785614j),(0.24197602272033691+0.20562385022640228j),(0.24197602272033691-0.20562385022640228j),(-0.1115136668086052+0.20074599981307983j),(-0.1115136668086052-0.20074599981307983j),(0.09487013518810272+0.25022709369659424j),(0.09487013518810272-0.25022709369659424j),(0.32138824462890625+0j),(-0.16446654498577118+0.11723345518112183j),(-0.16446654498577118-0.11723345518112183j),(0.16811533272266388+0.20982101559638977j),(0.16811533272266388-0.20982101559638977j),(0.27393922209739685+0.14503905177116394j),(0.27393922209739685-0.14503905177116394j),(-0.17512890696525574+0.05822839215397835j),(-0.17512890696525574-0.05822839215397835j),(0.031999021768569946+0.22880342602729797j),(0.031999021768569946-0.22880342602729797j),(0.2946421504020691+0.07885125279426575j),(0.2946421504020691-0.07885125279426575j),(-0.08916310220956802+0.14393551647663116j),(-0.08916310220956802-0.14393551647663116j),(-0.14568601548671722+0j),(-0.02128993719816208+0.14977869391441345j),(-0.02128993719816208-0.14977869391441345j),(0.060967572033405304+0.14213302731513977j),(0.060967572033405304-0.14213302731513977j),(0.2406388372182846+0j),(0.16572141647338867+0.045639727264642715j),(0.16572141647338867-0.045639727264642715j),(0.014446171931922436+0.10378149151802063j),(0.014446171931922436-0.10378149151802063j),(0.10376712679862976+0.06980311125516891j),(0.10376712679862976-0.06980311125516891j),(-0.09066992253065109+0j),(0.08202863484621048+0j),(-0.02085234969854355+0j)
(1.0336748361587524+0j),(0.8702410459518433+0j),(0.8518425822257996+0.036647748202085495j),(0.8518425822257996-0.036647748202085495j),(0.806134045124054+0j),(0.7995024919509888+0j),(0.7674753665924072+0j),(0.7298335433006287+0.053524259477853775j),(0.7298335433006287-0.053524259477853775j),(0.670378565788269+0.016681302338838577j),(0.670378565788269-0.016681302338838577j),(0.6153625845909119+0j),(-0.4703476130962372+0.06098780781030655j),(-0.4703476130962372-0.06098780781030655j),(-0.4700179696083069+0j),(-0.2960968017578125+0.37872862815856934j),(-0.2960968017578125-0.37872862815856934j),(-0.3810894191265106+0.2735777199268341j),(-0.3810894191265106-0.2735777199268341j),(0.24137361347675323+0.45924896001815796j),(0.24137361347675323-0.45924896001815796j),(0.5585578680038452+0.11265675723552704j),(0.5585578680038452-0.11265675723552704j),(0.09028234332799911+0.48636746406555176j),(0.09028234332799911-0.48636746406555176j),(0.5647284984588623+0.03616330400109291j),(0.5647284984588623-0.03616330400109291j),(0.39505714178085327+0.3293054699897766j),(0.39505714178085327-0.3293054699897766j),(-0.3677065968513489+0.22904492914676666j),(-0.3677065968513489-0.22904492914676666j),(-0.10082825273275375+0.4544985592365265j),(-0.10082825273275375-0.4544985592365265j),(-0.38193216919898987+0.11933920532464981j),(-0.38193216919898987-0.11933920532464981j),(-0.4025513529777527+0.021473780274391174j),(-0.4025513529777527-0.021473780274391174j),(-0.18036873638629913+0.3840100169181824j),(-0.18036873638629913-0.3840100169181824j),(-0.16386725008487701+0.39213383197784424j),(-0.16386725008487701-0.39213383197784424j),(-0.09870237112045288+0.4224909543991089j),(-0.09870237112045288-0.4224909543991089j),(-0.04874339699745178+0.42134183645248413j),(-0.04874339699745178-0.42134183645248413j),(-0.28668108582496643+0.2618449330329895j),(-0.28668108582496643-0.2618449330329895j),(0.48065096139907837+0.1639956831932068j),(0.48065096139907837-0.1639956831932068j),(-0.21715828776359558+0.32948678731918335j),(-0.21715828776359558-0.32948678731918335j),(0.4585217237472534+0j),(0.4037342369556427+0.21458059549331665j),(0.4037342369556427-0.21458059549331665j),(0.4505898356437683+0.12386174499988556j),(0.4505898356437683-0.12386174499988556j),(0.4252933859825134+0.1692313700914383j),(0.4252933859825134-0.1692313700914383j),(0.036084651947021484+0.3921618163585663j),(0.036084651947021484-0.3921618163585663j),(0.35309481620788574+0.24447846412658691j),(0.35309481620788574-0.24447846412658691j),(0.21804383397102356+0.32709816098213196j),(0.21804383397102356-0.32709816098213196j),(0.14972707629203796+0.34714093804359436j),(0.14972707629203796-0.34714093804359436j),(-0.27035677433013916+0.17596018314361572j),(-0.27035677433013916-0.17596018314361572j),(0.43140020966529846+0.0602753572165966j),(0.43140020966529846-0.0602753572165966j),(-0.3118000030517578+0.014067482203245163j),(-0.3118000030517578-0.014067482203245163j),(-0.12732084095478058+0.30189159512519836j),(-0.12732084095478058-0.30189159512519836j),(-0.28638359904289246+0.058821890503168106j),(-0.28638359904289246-0.058821890503168106j),(-0.04392055794596672+0.3130229413509369j),(-0.04392055794596672-0.3130229413509369j),(0.29029732942581177+0.23053306341171265j),(0.29029732942581177-0.23053306341171265j),(0.3718612492084503+0.10399685055017471j),(0.3718612492084503-0.10399685055017471j),(0.058630798012018204+0.3181944489479065j),(0.058630798012018204-0.3181944489479065j),(0.3260343074798584+0j),(-0.268422394990921+0.04924989864230156j),(-0.268422394990921-0.04924989864230156j),(-0.06240751966834068+0.28758910298347473j),(-0.06240751966834068-0.28758910298347473j),(0.23691542446613312+0.24291396141052246j),(0.23691542446613312-0.24291396141052246j),(-0.17355410754680634+0.18559184670448303j),(-0.17355410754680634-0.18559184670448303j),(0.2518666386604309+0.2035977840423584j),(0.2518666386604309-0.2035977840423584j),(0.12213238328695297+0.2692185342311859j),(0.12213238328695297-0.2692185342311859j),(0.2762994170188904+0.14507746696472168j),(0.2762994170188904-0.14507746696472168j),(-0.08991390466690063+0.20833620429039001j),(-0.08991390466690063-0.20833620429039001j),(-0.1543138176202774+0.11609695106744766j),(-0.1543138176202774-0.11609695106744766j),(0.2746574282646179+0.07781440019607544j),(0.2746574282646179-0.07781440019607544j),(-0.16410107910633087+0.05177921801805496j),(-0.16410107910633087-0.05177921801805496j),(0.1459621787071228+0.19869254529476166j),(0.1459621787071228-0.19869254529476166j),(0.03622818738222122+0.2049001008272171j),(0.03622818738222122-0.2049001008272171j),(0.26858556270599365+0j),(-0.0795503780245781+0.1413300633430481j),(-0.0795503780245781-0.1413300633430481j),(-0.14177149534225464+0j),(-0.04879367724061012+0.1334439069032669j),(-0.04879367724061012-0.1334439069032669j),(0.10989100486040115+0.12777915596961975j),(0.10989100486040115-0.12777915596961975j),(0.03383392468094826+0.13836604356765747j),(0.03383392468094826-0.13836604356765747j),(0.1513454169034958+0.04941438138484955j),(0.1513454169034958-0.04941438138484955j),(-0.08447843790054321+0j),(0.062494706362485886+0.08194294571876526j),(0.062494706362485886-0.08194294571876526j),(0.10656518489122391+0j),(-0.008220565505325794+0j)
(1.060532569885254+0j),(0.8830453753471375+0j),(0.8647316098213196+0.00687826843932271j),(0.8647316098213196-0.00687826843932271j),(0.8461828231811523+0.049833983182907104j),(0.8461828231811523-0.049833983182907104j),(0.7628099322319031+0.033068470656871796j),(0.7628099322319031-0.033068470656871796j),(0.6999456286430359+0j),(0.6861041188240051+0j),(0.6512324810028076+0j),(0.6250934600830078+0.10695885866880417j),(0.6250934600830078-0.10695885866880417j),(-0.470844030380249+0.06274717301130295j),(-0.470844030380249-0.06274717301130295j),(0.24736404418945312+0.45703667402267456j),(0.24736404418945312-0.45703667402267456j),(-0.4611224830150604+0j),(-0.29412218928337097+0.37967410683631897j),(-0.29412218928337097-0.37967410683631897j),(-0.37652119994163513+0.26696252822875977j),(-0.37652119994163513-0.26696252822875977j),(0.5956466197967529+0.0263800248503685j),(0.5956466197967529-0.0263800248503685j),(0.08836795389652252+0.48407232761383057j),(0.08836795389652252-0.48407232761383057j),(-0.1032104417681694+0.4643890857696533j),(-0.1032104417681694-0.4643890857696533j),(0.4113161265850067+0.3232541084289551j),(0.4113161265850067-0.3232541084289551j),(-0.36259347200393677+0.2263137549161911j),(-0.36259347200393677-0.2263137549161911j),(0.5547249913215637+0j),(-0.40246936678886414+0.014459709636867046j),(-0.40246936678886414-0.014459709636867046j),(-0.17320531606674194+0.392505407333374j),(-0.17320531606674194-0.392505407333374j),(-0.37603044509887695+0.11795292794704437j),(-0.37603044509887695-0.11795292794704437j),(0.5056942701339722+0.1563243716955185j),(0.5056942701339722-0.1563243716955185j),(-0.10215883702039719+0.416153222322464j),(-0.10215883702039719-0.416153222322464j),(-0.1712357997894287+0.38193514943122864j),(-0.1712357997894287-0.38193514943122864j),(-0.22082006931304932+0.3319029211997986j),(-0.22082006931304932-0.3319029211997986j),(-0.2824436128139496+0.26148539781570435j),(-0.2824436128139496-0.26148539781570435j),(-0.04056964069604874+0.4130752980709076j),(-0.04056964069604874-0.4130752980709076j),(0.47272989153862+0j),(0.04032408446073532+0.40083932876586914j),(0.04032408446073532-0.40083932876586914j),(0.43413493037223816+0.2090502381324768j),(0.43413493037223816-0.2090502381324768j),(-0.2821804881095886+0.17975515127182007j),(-0.2821804881095886-0.17975515127182007j),(0.22191238403320312+0.33163392543792725j),(0.22191238403320312-0.33163392543792725j),(0.4217543601989746+0.1667148917913437j),(0.4217543601989746-0.1667148917913437j),(-0.32347479462623596+0j),(0.35068318247795105+0.24724993109703064j),(0.35068318247795105-0.24724993109703064j),(0.15239253640174866+0.33724087476730347j),(0.15239253640174866-0.33724087476730347j),(-0.29871007800102234+0j),(-0.12532518804073334+0.2970186471939087j),(-0.12532518804073334-0.2970186471939087j),(0.42433980107307434+0.0446360781788826j),(0.42433980107307434-0.0446360781788826j),(0.4085918962955475+0.09360324591398239j),(0.4085918962955475-0.09360324591398239j),(0.06670964509248734+0.3269813060760498j),(0.06670964509248734-0.3269813060760498j),(-0.2770192325115204+0.057932037860155106j),(-0.2770192325115204-0.057932037860155106j),(-0.04634464904665947+0.30609142780303955j),(-0.04634464904665947-0.30609142780303955j),(-0.27180173993110657+0.04421776905655861j),(-0.27180173993110657-0.04421776905655861j),(0.38091740012168884+0.10989145934581757j),(0.38091740012168884-0.10989145934581757j),(0.29604747891426086+0.2314700335264206j),(0.29604747891426086-0.2314700335264206j),(-0.05204599350690842+0.2861672639846802j),(-0.05204599350690842-0.2861672639846802j),(-0.17694520950317383+0.1899757981300354j),(-0.17694520950317383-0.1899757981300354j),(0.26781561970710754+0.20343740284442902j),(0.26781561970710754-0.20343740284442902j),(0.24140065908432007+0.22281628847122192j),(0.24140065908432007-0.22281628847122192j),(0.11913888901472092+0.2670450210571289j),(0.11913888901472092-0.2670450210571289j),(-0.09914210438728333+0.21458375453948975j),(-0.09914210438728333-0.21458375453948975j),(0.2654034495353699+0.1538541615009308j),(0.2654034495353699-0.1538541615009308j),(0.17147094011306763+0.19744181632995605j),(0.17147094011306763-0.19744181632995605j),(0.30120593309402466+0j),(-0.1535244882106781+0.10968615859746933j),(-0.1535244882106781-0.10968615859746933j),(-0.16979238390922546+0.05495326593518257j),(-0.16979238390922546-0.05495326593518257j),(0.2762035131454468+0.08999792486429214j),(0.2762035131454468-0.08999792486429214j),(0.016559643670916557+0.21248671412467957j),(0.016559643670916557-0.21248671412467957j),(-0.07705733180046082+0.14222803711891174j),(-0.07705733180046082-0.14222803711891174j),(0.28287020325660706+0j),(-0.020241249352693558+0.1474246084690094j),(-0.020241249352693558-0.1474246084690094j),(0.08514747023582458+0.1455174684524536j),(0.08514747023582458-0.1455174684524536j),(-0.11010471731424332+0j),(0.07159508764743805+0.12135694921016693j),(0.07159508764743805-0.12135694921016693j),(0.17558170855045319+0.04037163406610489j),(0.17558170855045319-0.04037163406610489j),(0.02369038015604019+0.08917690813541412j),(0.02369038015604019-0.08917690813541412j),(0.06540554761886597+0j),(0.019708923995494843+0j),(-0.08153974264860153+0j)
(1.0317707061767578+0j),(0.9091612100601196+0j),(0.8848676681518555+0.02747897244989872j),(0.8848676681518555-0.02747897244989872j),(0.8287521600723267+0.037062663584947586j),(0.8287521600723267-0.037062663584947586j),(0.8000133037567139+0j),(0.7398357391357422+0.026602236554026604j),(0.7398357391357422-0.026602236554026604j),(0.6859720349311829+0.01990659348666668j),(0.6859720349311829-0.01990659348666668j),(0.6648979187011719+0.09630797058343887j),(0.6648979187011719-0.09630797058343887j),(0.6501812934875488+0j),(-0.47197961807250977+0.06866547465324402j),(-0.47197961807250977-0.06866547465324402j),(-0.29046669602394104+0.3820202052593231j),(-0.29046669602394104-0.3820202052593231j),(-0.37880179286003113+0.2743614912033081j),(-0.37880179286003113-0.2743614912033081j),(-0.46398720145225525+0j),(0.25150638818740845+0.44897979497909546j),(0.25150638818740845-0.44897979497909546j),(0.09432385116815567+0.48305487632751465j),(0.09432385116815567-0.48305487632751465j),(0.5970113277435303+0j),(-0.10342064499855042+0.46388423442840576j),(-0.10342064499855042-0.46388423442840576j),(0.557346761226654+0j),(-0.3601304292678833+0.22809578478336334j),(-0.3601304292678833-0.22809578478336334j),(0.4291078746318817+0.3084093928337097j),(0.4291078746318817-0.3084093928337097j),(-0.19169850647449493+0.40282759070396423j),(-0.19169850647449493-0.40282759070396423j),(-0.41166993975639343+0.0009485949412919581j),(-0.41166993975639343-0.0009485949412919581j),(-0.36757946014404297+0.12572695314884186j),(-0.36757946014404297-0.12572695314884186j),(-0.22341859340667725+0.338326096534729j),(-0.22341859340667725-0.338326096534729j),(-0.031132148578763008+0.42006945610046387j),(-0.031132148578763008-0.42006945610046387j),(-0.10765856504440308+0.39717939496040344j),(-0.10765856504440308-0.39717939496040344j),(-0.14756697416305542+0.3771010637283325j),(-0.14756697416305542-0.3771010637283325j),(0.5002180337905884+0.13446667790412903j),(0.5002180337905884-0.13446667790412903j),(0.4527188241481781+0.21445973217487335j),(0.4527188241481781-0.21445973217487335j),(-0.28033992648124695+0.24711115658283234j),(-0.28033992648124695-0.24711115658283234j),(0.04835731163620949+0.39337357878685j),(0.04835731163620949-0.39337357878685j),(0.4296663701534271+0.16566620767116547j),(0.4296663701534271-0.16566620767116547j),(-0.2849827706813812+0.17906618118286133j),(-0.2849827706813812-0.17906618118286133j),(0.22415675222873688+0.3326125741004944j),(0.22415675222873688-0.3326125741004944j),(0.35924214124679565+0.23799891769886017j),(0.35924214124679565-0.23799891769886017j),(0.4356476962566376+0j),(0.44816461205482483+0.03565702214837074j),(0.44816461205482483-0.03565702214837074j),(0.13509997725486755+0.33746233582496643j),(0.13509997725486755-0.33746233582496643j),(-0.3161906898021698+0.01466064527630806j),(-0.3161906898021698-0.01466064527630806j),(-0.11588457971811295+0.30441179871559143j),(-0.11588457971811295-0.30441179871559143j),(0.41085007786750793+0.10090608894824982j),(0.41085007786750793-0.10090608894824982j),(0.29678934812545776+0.241113543510437j),(0.29678934812545776-0.241113543510437j),(-0.27607086300849915+0.06052278354763985j),(-0.27607086300849915-0.06052278354763985j),(-0.04991858825087547+0.29999634623527527j),(-0.04991858825087547-0.29999634623527527j),(-0.25829142332077026+0.05794714763760567j),(-0.25829142332077026-0.05794714763760567j),(-0.03950776904821396+0.29851794242858887j),(-0.03950776904821396-0.29851794242858887j),(0.37041622400283813+0.08768070489168167j),(0.37041622400283813-0.08768070489168167j),(-0.17582158744335175+0.18355095386505127j),(-0.17582158744335175-0.18355095386505127j),(0.2554683983325958+0.22437399625778198j),(0.2554683983325958-0.22437399625778198j),(0.15265502035617828+0.2543492913246155j),(0.15265502035617828-0.2543492913246155j),(-0.09522996097803116+0.2161182314157486j),(-0.09522996097803116-0.2161182314157486j),(0.05506632477045059+0.2677462100982666j),(0.05506632477045059-0.2677462100982666j),(0.27022847533226013+0.17074501514434814j),(0.27022847533226013-0.17074501514434814j),(-0.1558832824230194+0.10466200113296509j),(-0.1558832824230194-0.10466200113296509j),(-0.16271841526031494+0.05928358808159828j),(-0.16271841526031494-0.05928358808159828j),(0.16756974160671234+0.19493062794208527j),(0.16756974160671234-0.19493062794208527j),(0.274480402469635+0.1412566602230072j),(0.274480402469635-0.1412566602230072j),(0.012688514776527882+0.21633976697921753j),(0.012688514776527882-0.21633976697921753j),(0.2834223508834839+0.09230858832597733j),(0.2834223508834839-0.09230858832597733j),(-0.0765177309513092+0.14627012610435486j),(-0.0765177309513092-0.14627012610435486j),(0.07638803124427795+0.1742071956396103j),(0.07638803124427795-0.1742071956396103j),(-0.11473789066076279+0j),(0.2706802785396576+0j),(0.0009775637881830335+0.13888011872768402j),(0.0009775637881830335-0.13888011872768402j),(0.08178453892469406+0.10688796639442444j),(0.08178453892469406-0.10688796639442444j),(0.2580743730068207+0j),(-0.06324300915002823+0j),(-0.009786813519895077+0.06677510589361191j),(-0.009786813519895077-0.06677510589361191j),(0.18245363235473633+0j),(0.1987054944038391+0j),(0.0523100271821022+0.023758091032505035j),(0.0523100271821022-0.023758091032505035j)
(1.0292361974716187+0j),(0.9015529155731201+0j),(0.8609712719917297+0.02342328056693077j),(0.8609712719917297-0.02342328056693077j),(0.850288987159729+0j),(0.8253499269485474+0j),(0.7888227105140686+0.0318213626742363j),(0.7888227105140686-0.0318213626742363j),(0.7415258884429932+0.024911701679229736j),(0.7415258884429932-0.024911701679229736j),(0.6732831001281738+0.10602884739637375j),(0.6732831001281738-0.10602884739637375j),(0.6871837377548218+0j),(0.6261993050575256+0.038391437381505966j),(0.6261993050575256-0.038391437381505966j),(-0.4710758626461029+0.06598439812660217j),(-0.4710758626461029-0.06598439812660217j),(-0.28780433535575867+0.3767492473125458j),(-0.28780433535575867-0.3767492473125458j),(-0.37677088379859924+0.27144312858581543j),(-0.37677088379859924-0.27144312858581543j),(0.10669030994176865+0.4794410169124603j),(0.10669030994176865-0.4794410169124603j),(0.2465677261352539+0.4413169026374817j),(0.2465677261352539-0.4413169026374817j),(-0.4487852454185486+0j),(-0.10680343210697174+0.4626701772212982j),(-0.10680343210697174-0.4626701772212982j),(0.43831300735473633+0.29260364174842834j),(0.43831300735473633-0.29260364174842834j),(-0.4312024712562561+0j),(-0.35729050636291504+0.22392036020755768j),(-0.35729050636291504-0.22392036020755768j),(-0.18867097795009613+0.4042026698589325j),(-0.18867097795009613-0.4042026698589325j),(0.471493661403656+0.2401871532201767j),(0.471493661403656-0.2401871532201767j),(-0.4035905599594116+0j),(0.5583005547523499+0j),(-0.21925601363182068+0.3398463726043701j),(-0.21925601363182068-0.3398463726043701j),(-0.14272060990333557+0.38924670219421387j),(-0.14272060990333557-0.38924670219421387j),(-0.3597365915775299+0.12656772136688232j),(-0.3597365915775299-0.12656772136688232j),(-0.022678202018141747+0.416275292634964j),(-0.022678202018141747-0.416275292634964j),(-0.27746090292930603+0.24585652351379395j),(-0.27746090292930603-0.24585652351379395j),(-0.09901923686265945+0.3832969069480896j),(-0.09901923686265945-0.3832969069480896j),(-0.2922334671020508+0.17823264002799988j),(-0.2922334671020508-0.17823264002799988j),(0.05695232376456261+0.3847648799419403j),(0.05695232376456261-0.3847648799419403j),(0.4549822211265564+0.16723711788654327j),(0.4549822211265564-0.16723711788654327j),(0.22771325707435608+0.33461645245552063j),(0.22771325707435608-0.33461645245552063j),(-0.31166335940361023+0.009707668796181679j),(-0.31166335940361023-0.009707668796181679j),(0.13902132213115692+0.33747273683547974j),(0.13902132213115692-0.33747273683547974j),(0.4511428475379944+0.0949452668428421j),(0.4511428475379944-0.0949452668428421j),(0.4650700092315674+0.04941096901893616j),(0.4650700092315674-0.04941096901893616j),(0.35412004590034485+0.2195269912481308j),(0.35412004590034485-0.2195269912481308j),(-0.11919563263654709+0.28262558579444885j),(-0.11919563263654709-0.28262558579444885j),(0.3996732234954834+0.1075001135468483j),(0.3996732234954834-0.1075001135468483j),(-0.05178238824009895+0.3044973909854889j),(-0.05178238824009895-0.3044973909854889j),(-0.044966328889131546+0.30595290660858154j),(-0.044966328889131546-0.30595290660858154j),(0.40669628977775574+0j),(0.28923293948173523+0.2275676429271698j),(0.28923293948173523-0.2275676429271698j),(-0.2674506902694702+0.06239685043692589j),(-0.2674506902694702-0.06239685043692589j),(0.3841915428638458+0.06287200003862381j),(0.3841915428638458-0.06287200003862381j),(-0.25276628136634827+0.05086146667599678j),(-0.25276628136634827-0.05086146667599678j),(0.333959698677063+0.1407371312379837j),(0.333959698677063-0.1407371312379837j),(0.24136598408222198+0.21958962082862854j),(0.24136598408222198-0.21958962082862854j),(-0.16906233131885529+0.18478426337242126j),(-0.16906233131885529-0.18478426337242126j),(0.17180295288562775+0.24852916598320007j),(0.17180295288562775-0.24852916598320007j),(0.2656310498714447+0j),(-0.09852159023284912+0.22036804258823395j),(-0.09852159023284912-0.22036804258823395j),(0.3094129264354706+0.10225725173950195j),(0.3094129264354706-0.10225725173950195j),(0.26203614473342896+0.1714583933353424j),(0.26203614473342896-0.1714583933353424j),(0.0343630351126194+0.24139754474163055j),(0.0343630351126194-0.24139754474163055j),(0.16722047328948975+0.19482065737247467j),(0.16722047328948975-0.19482065737247467j),(-0.15961451828479767+0.1030140146613121j),(-0.15961451828479767-0.1030140146613121j),(0.011821318417787552+0.20986567437648773j),(0.011821318417787552-0.20986567437648773j),(-0.16703929007053375+0.06662165373563766j),(-0.16703929007053375-0.06662165373563766j),(-0.0559348538517952+0.16337858140468597j),(-0.0559348538517952-0.16337858140468597j),(0.08641302585601807+0.17738273739814758j),(0.08641302585601807-0.17738273739814758j),(0.23983485996723175+0.029702050611376762j),(0.23983485996723175-0.029702050611376762j),(-0.015408709645271301+0.10911370068788528j),(-0.015408709645271301-0.10911370068788528j),(-0.11084497720003128+0j),(-0.03695949167013168+0.03825663402676582j),(-0.03695949167013168-0.03825663402676582j),(0.15745967626571655+0.07520893961191177j),(0.15745967626571655-0.07520893961191177j),(0.005568895023316145+0j),(0.0849803164601326+0.07126052677631378j),(0.0849803164601326-0.07126052677631378j),(0.04475143924355507+0j)
(1.0351544618606567+0j),(0.8915843367576599+0j),(0.8624873161315918+0j),(0.8480198979377747+0.03179989382624626j),(0.8480198979377747-0.03179989382624626j),(0.7983472347259521+0.047136079519987106j),(0.7983472347259521-0.047136079519987106j),(0.7916253209114075+0j),(0.7435537576675415+0.02612651325762272j),(0.7435537576675415-0.02612651325762272j),(0.6939368844032288+0.015583803877234459j),(0.6939368844032288-0.015583803877234459j),(0.6676454544067383+0.09944825619459152j),(0.6676454544067383-0.09944825619459152j),(-0.460830956697464+0.07553263753652573j),(-0.460830956697464-0.07553263753652573j),(-0.37417536973953247+0.26110824942588806j),(-0.37417536973953247-0.26110824942588806j),(-0.2757481038570404+0.37145736813545227j),(-0.2757481038570404-0.37145736813545227j),(-0.10450926423072815+0.465549498796463j),(-0.10450926423072815-0.465549498796463j),(-0.4250233769416809+0j),(-0.4380173087120056+0.03720122575759888j),(-0.4380173087120056-0.03720122575759888j),(0.24578532576560974+0.4331507980823517j),(0.24578532576560974-0.4331507980823517j),(0.1029982715845108+0.46589744091033936j),(0.1029982715845108-0.46589744091033936j),(0.6036385297775269+0j),(-0.35176882147789+0.21822921931743622j),(-0.35176882147789-0.21822921931743622j),(-0.181339830160141+0.39250829815864563j),(-0.181339830160141-0.39250829815864563j),(-0.2181815356016159+0.34112611413002014j),(-0.2181815356016159-0.34112611413002014j),(0.43498605489730835+0.28404539823532104j),(0.43498605489730835-0.28404539823532104j),(-0.13497214019298553+0.39124417304992676j),(-0.13497214019298553-0.39124417304992676j),(0.48153820633888245+0.2320280373096466j),(0.48153820633888245-0.2320280373096466j),(-0.3515069782733917+0.12232886999845505j),(-0.3515069782733917-0.12232886999845505j),(-0.11042854189872742+0.3870592415332794j),(-0.11042854189872742-0.3870592415332794j),(0.5208065509796143+0j),(-0.009105226956307888+0.40810704231262207j),(-0.009105226956307888-0.40810704231262207j),(-0.2781222462654114+0.23137865960597992j),(-0.2781222462654114-0.23137865960597992j),(-0.29103758931159973+0.1931401938199997j),(-0.29103758931159973-0.1931401938199997j),(0.5370557904243469+0.023476548492908478j),(0.5370557904243469-0.023476548492908478j),(0.06482136994600296+0.37936344742774963j),(0.06482136994600296-0.37936344742774963j),(0.4560014009475708+0.1655270904302597j),(0.4560014009475708-0.1655270904302597j),(0.14352796971797943+0.34554481506347656j),(0.14352796971797943-0.34554481506347656j),(0.23988038301467896+0.3204286992549896j),(0.23988038301467896-0.3204286992549896j),(-0.30627506971359253+0.004499030765146017j),(-0.30627506971359253-0.004499030765146017j),(-0.07050015032291412+0.31365418434143066j),(-0.07050015032291412-0.31365418434143066j),(-0.2672782838344574+0.07176696509122849j),(-0.2672782838344574-0.07176696509122849j),(0.46625828742980957+0j),(0.33819547295570374+0.22806765139102936j),(0.33819547295570374-0.22806765139102936j),(-0.03587973490357399+0.29523423314094543j),(-0.03587973490357399-0.29523423314094543j),(0.38490599393844604+0.15030227601528168j),(0.38490599393844604-0.15030227601528168j),(0.421619176864624+0.06150341406464577j),(0.421619176864624-0.06150341406464577j),(-0.1668158322572708+0.1886906623840332j),(-0.1668158322572708-0.1886906623840332j),(-0.23202630877494812+0.035999540239572525j),(-0.23202630877494812-0.035999540239572525j),(0.3663657605648041+0.15850012004375458j),(0.3663657605648041-0.15850012004375458j),(0.41186392307281494+0.03215234726667404j),(0.41186392307281494-0.03215234726667404j),(-0.08844970166683197+0.24174408614635468j),(-0.08844970166683197-0.24174408614635468j),(-0.11619964241981506+0.2179545760154724j),(-0.11619964241981506-0.2179545760154724j),(0.29786592721939087+0.20319399237632751j),(0.29786592721939087-0.20319399237632751j),(0.24608370661735535+0.21536532044410706j),(0.24608370661735535-0.21536532044410706j),(0.1692071110010147+0.24618259072303772j),(0.1692071110010147-0.24618259072303772j),(-0.17308203876018524+0.10495974123477936j),(-0.17308203876018524-0.10495974123477936j),(0.358063668012619+0.10392821580171585j),(0.358063668012619-0.10392821580171585j),(0.047097042202949524+0.26027849316596985j),(0.047097042202949524-0.26027849316596985j),(-0.014347296208143234+0.2239338457584381j),(-0.014347296208143234-0.2239338457584381j),(-0.15916089713573456+0.014129823073744774j),(-0.15916089713573456-0.014129823073744774j),(0.26588234305381775+0.11138398945331573j),(0.26588234305381775-0.11138398945331573j),(0.010175704024732113+0.18974310159683228j),(0.010175704024732113-0.18974310159683228j),(0.1823086142539978+0.15965943038463593j),(0.1823086142539978-0.15965943038463593j),(0.2651446461677551+0.04192274063825607j),(0.2651446461677551-0.04192274063825607j),(0.08665886521339417+0.1645379364490509j),(0.08665886521339417-0.1645379364490509j),(-0.07267347723245621+0.05827557295560837j),(-0.07267347723245621-0.05827557295560837j),(-0.049073394387960434+0.09771981090307236j),(-0.049073394387960434-0.09771981090307236j),(0.03759440407156944+0j),(0.15976735949516296+0.08028310537338257j),(0.15976735949516296-0.08028310537338257j),(0.02322845160961151+0.028155174106359482j),(0.02322845160961151-0.028155174106359482j),(0.07326038926839828+0.08539009839296341j),(0.07326038926839828-0.08539009839296341j),(0.20254002511501312+0j)
(1.0434244871139526+0j),(0.8761270046234131+0j),(0.8597883582115173+0j),(0.8512570261955261+0.03143482655286789j),(0.8512570261955261-0.03143482655286789j),(0.8148612976074219+0.015401378273963928j),(0.8148612976074219-0.015401378273963928j),(0.786432147026062+0.05913128703832626j),(0.786432147026062-0.05913128703832626j),(0.7497767806053162+0j),(0.6840360760688782+0.11428529769182205j),(0.6840360760688782-0.11428529769182205j),(0.6923974752426147+0.02216344140470028j),(0.6923974752426147-0.02216344140470028j),(-0.4608919322490692+0.07384330779314041j),(-0.4608919322490692-0.07384330779314041j),(-0.35344281792640686+0.2800619304180145j),(-0.35344281792640686-0.2800619304180145j),(-0.27295660972595215+0.3715529441833496j),(-0.27295660972595215-0.3715529441833496j),(-0.09857895970344543+0.463623583316803j),(-0.09857895970344543-0.463623583316803j),(0.10766281187534332+0.4651392698287964j),(0.10766281187534332-0.4651392698287964j),(0.6045369505882263+0.022937338799238205j),(0.6045369505882263-0.022937338799238205j),(-0.4251435101032257+0.012557164765894413j),(-0.4251435101032257-0.012557164765894413j),(0.2512527108192444+0.41959795355796814j),(0.2512527108192444-0.41959795355796814j),(-0.4043387770652771+0j),(0.5202236175537109+0.19493688642978668j),(0.5202236175537109-0.19493688642978668j),(-0.19503141939640045+0.3896791934967041j),(-0.19503141939640045-0.3896791934967041j),(-0.35077396035194397+0.19371214509010315j),(-0.35077396035194397-0.19371214509010315j),(0.43304505944252014+0.2767077684402466j),(0.43304505944252014-0.2767077684402466j),(-0.13220389187335968+0.3997027575969696j),(-0.13220389187335968-0.3997027575969696j),(-0.3465880751609802+0.11330360919237137j),(-0.3465880751609802-0.11330360919237137j),(-0.21135471761226654+0.3269827663898468j),(-0.21135471761226654-0.3269827663898468j),(0.562648355960846+0j),(-0.2980820834636688+0.21478381752967834j),(-0.2980820834636688-0.21478381752967834j),(-0.089537613093853+0.38813018798828125j),(-0.089537613093853-0.38813018798828125j),(-0.018229659646749496+0.4025804400444031j),(-0.018229659646749496-0.4025804400444031j),(-0.2627372145652771+0.22292567789554596j),(-0.2627372145652771-0.22292567789554596j),(0.07801607251167297+0.3821448087692261j),(0.07801607251167297-0.3821448087692261j),(0.4603178799152374+0.17683491110801697j),(0.4603178799152374-0.17683491110801697j),(0.49309074878692627+0j),(-0.31481465697288513+0j),(0.13688279688358307+0.351710706949234j),(0.13688279688358307-0.351710706949234j),(0.24477718770503998+0.32051342725753784j),(0.24477718770503998-0.32051342725753784j),(-0.29392215609550476+0j),(0.4833240211009979+0.04310576245188713j),(0.4833240211009979-0.04310576245188713j),(-0.07003093510866165+0.3147100806236267j),(-0.07003093510866165-0.3147100806236267j),(-0.25189632177352905+0.07386038452386856j),(-0.25189632177352905-0.07386038452386856j),(0.33783677220344543+0.2308458834886551j),(0.33783677220344543-0.2308458834886551j),(-0.2400035560131073+0.04038729518651962j),(-0.2400035560131073-0.04038729518651962j),(-0.0365399606525898+0.2959664463996887j),(-0.0365399606525898-0.2959664463996887j),(-0.16750088334083557+0.1928567886352539j),(-0.16750088334083557-0.1928567886352539j),(0.39801719784736633+0.14102184772491455j),(0.39801719784736633-0.14102184772491455j),(0.4287819564342499+0.027524808421730995j),(0.4287819564342499-0.027524808421730995j),(-0.09181838482618332+0.25290119647979736j),(-0.09181838482618332-0.25290119647979736j),(-0.12051764875650406+0.22773121297359467j),(-0.12051764875650406-0.22773121297359467j),(0.38026049733161926+0j),(0.29807165265083313+0.20141319930553436j),(0.29807165265083313-0.20141319930553436j),(0.37012964487075806+0.11420740187168121j),(0.37012964487075806-0.11420740187168121j),(0.33833929896354675+0.14719830453395844j),(0.33833929896354675-0.14719830453395844j),(0.25084224343299866+0.21247169375419617j),(0.25084224343299866-0.21247169375419617j),(-0.1668194830417633+0.09715832769870758j),(-0.1668194830417633-0.09715832769870758j),(0.169246643781662+0.22204536199569702j),(0.169246643781662-0.22204536199569702j),(0.05210268869996071+0.23829306662082672j),(0.05210268869996071-0.23829306662082672j),(0.02709170989692211+0.21390457451343536j),(0.02709170989692211-0.21390457451343536j),(-0.14919555187225342+0.013507721945643425j),(-0.14919555187225342-0.013507721945643425j),(0.2718777656555176+0.11325709521770477j),(0.2718777656555176-0.11325709521770477j),(-0.012221772223711014+0.19949570298194885j),(-0.012221772223711014-0.19949570298194885j),(0.2835855782032013+0.03665884956717491j),(0.2835855782032013-0.03665884956717491j),(0.1685194969177246+0.14472541213035583j),(0.1685194969177246-0.14472541213035583j),(0.08327335119247437+0.1657007485628128j),(0.08327335119247437-0.1657007485628128j),(-0.08113769441843033+0.08356785029172897j),(-0.08113769441843033-0.08356785029172897j),(-0.031219273805618286+0.1008777841925621j),(-0.031219273805618286-0.1008777841925621j),(-0.030002903193235397+0j),(0.13723449409008026+0.0808548852801323j),(0.13723449409008026-0.0808548852801323j),(0.10652858763933182+0.09609949588775635j),(0.10652858763933182-0.09609949588775635j),(0.05167439579963684+0.033190108835697174j),(0.05167439579963684-0.033190108835697174j),(0.20161516964435577+0j)
(1.0499753952026367+0j),(0.9199094176292419+0j),(0.8834506273269653+0j),(0.8606207966804504+0.030770720914006233j),(0.8606207966804504-0.030770720914006233j),(0.8464598655700684+0j),(0.8264554142951965+0j),(0.7648002505302429+0.04125530272722244j),(0.7648002505302429-0.04125530272722244j),(0.765316903591156+0j),(0.7420225739479065+0j),(0.701003909111023+0.0900629311800003j),(0.701003909111023-0.0900629311800003j),(0.6695563793182373+0j),(-0.4650973081588745+0.07741788774728775j),(-0.4650973081588745-0.07741788774728775j),(-0.35884803533554077+0.2767381966114044j),(-0.35884803533554077-0.2767381966114044j),(0.6165848970413208+0.03702012076973915j),(0.6165848970413208-0.03702012076973915j),(-0.44798585772514343+0j),(-0.2712663412094116+0.36782485246658325j),(-0.2712663412094116-0.36782485246658325j),(0.6078345775604248+0j),(-0.10035909712314606+0.4626767635345459j),(-0.10035909712314606-0.4626767635345459j),(0.5538985133171082+0.16915149986743927j),(0.5538985133171082-0.16915149986743927j),(0.10994553565979004+0.4656500816345215j),(0.10994553565979004-0.4656500816345215j),(-0.40710145235061646+0j),(0.259544312953949+0.4062136709690094j),(0.259544312953949-0.4062136709690094j),(-0.19266214966773987+0.37855103611946106j),(-0.19266214966773987-0.37855103611946106j),(0.44639983773231506+0.2678629755973816j),(0.44639983773231506-0.2678629755973816j),(-0.1269422471523285+0.4091280996799469j),(-0.1269422471523285-0.4091280996799469j),(-0.3573897182941437+0.18892304599285126j),(-0.3573897182941437-0.18892304599285126j),(-0.20222032070159912+0.3328985273838043j),(-0.20222032070159912-0.3328985273838043j),(-0.3526845872402191+0.1119227260351181j),(-0.3526845872402191-0.1119227260351181j),(-0.31059256196022034+0.21505002677440643j),(-0.31059256196022034-0.21505002677440643j),(0.007780029438436031+0.40625181794166565j),(0.007780029438436031-0.40625181794166565j),(0.47173207998275757+0.1701347529888153j),(0.47173207998275757-0.1701347529888153j),(-0.06703895330429077+0.3788846731185913j),(-0.06703895330429077-0.3788846731185913j),(0.5046554207801819+0j),(-0.35207921266555786+0j),(0.4871913492679596+0.07105271518230438j),(0.4871913492679596-0.07105271518230438j),(0.09285908192396164+0.36311042308807373j),(0.09285908192396164-0.36311042308807373j),(0.14217333495616913+0.3468568027019501j),(0.14217333495616913-0.3468568027019501j),(0.2570130228996277+0.3055005669593811j),(0.2570130228996277-0.3055005669593811j),(-0.23532015085220337+0.20130325853824615j),(-0.23532015085220337-0.20130325853824615j),(-0.08838839828968048+0.32093697786331177j),(-0.08838839828968048-0.32093697786331177j),(-0.2978377640247345+0.007035525515675545j),(-0.2978377640247345-0.007035525515675545j),(0.34485480189323425+0.23150016367435455j),(0.34485480189323425-0.23150016367435455j),(-0.03912753611803055+0.3090279698371887j),(-0.03912753611803055-0.3090279698371887j),(-0.25605443120002747+0.07090325653553009j),(-0.25605443120002747-0.07090325653553009j),(0.3898836374282837+0.15687285363674164j),(0.3898836374282837-0.15687285363674164j),(0.43655112385749817+0.050472505390644073j),(0.43655112385749817-0.050472505390644073j),(-0.17733275890350342+0.1941613405942917j),(-0.17733275890350342-0.1941613405942917j),(-0.12236542999744415+0.22975371778011322j),(-0.12236542999744415-0.22975371778011322j),(-0.07878637313842773+0.25024303793907166j),(-0.07878637313842773-0.25024303793907166j),(0.3669448792934418+0.12487717717885971j),(0.3669448792934418-0.12487717717885971j),(0.3486739993095398+0j),(0.29503920674324036+0.20281493663787842j),(0.29503920674324036-0.20281493663787842j),(0.3854915499687195+0.07527922093868256j),(0.3854915499687195-0.07527922093868256j),(-0.21786893904209137+0.039987802505493164j),(-0.21786893904209137-0.039987802505493164j),(0.2400881052017212+0.2242434173822403j),(0.2400881052017212-0.2242434173822403j),(0.032025761902332306+0.25734660029411316j),(0.032025761902332306-0.25734660029411316j),(-0.0001877104805316776+0.23172809183597565j),(-0.0001877104805316776-0.23172809183597565j),(-0.1737528294324875+0.05068774148821831j),(-0.1737528294324875-0.05068774148821831j),(0.18542331457138062+0.20723891258239746j),(0.18542331457138062-0.20723891258239746j),(0.2748064398765564+0.11631942540407181j),(0.2748064398765564-0.11631942540407181j),(-0.12537997961044312+0.09188056737184525j),(-0.12537997961044312-0.09188056737184525j),(0.30367910861968994+0.028866488486528397j),(0.30367910861968994-0.028866488486528397j),(0.09254095703363419+0.1776234656572342j),(0.09254095703363419-0.1776234656572342j),(-0.03711293265223503+0.14070025086402893j),(-0.03711293265223503-0.14070025086402893j),(0.1407855749130249+0.15545186400413513j),(0.1407855749130249-0.15545186400413513j),(-0.08637753129005432+0.03674408420920372j),(-0.08637753129005432-0.03674408420920372j),(0.033225078135728836+0.1322566270828247j),(0.033225078135728836-0.1322566270828247j),(0.2087506651878357+0j),(-0.05677185580134392+0j),(0.07628262042999268+0.07145065814256668j),(0.07628262042999268-0.07145065814256668j),(0.13708311319351196+0.04610081762075424j),(0.13708311319351196-0.04610081762075424j),(0.12435959279537201+0.06687511503696442j),(0.12435959279537201-0.06687511503696442j)
(1.0524593591690063+0j),(0.8994408845901489+0.014016532339155674j),(0.8994408845901489-0.014016532339155674j),(0.8597256541252136+0.02519906684756279j),(0.8597256541252136-0.02519906684756279j),(0.8287070989608765+0j),(0.810392439365387+0.034182630479335785j),(0.810392439365387-0.034182630479335785j),(0.7707933187484741+0.03109556995332241j),(0.7707933187484741-0.03109556995332241j),(0.7504326105117798+0j),(0.6966657042503357+0.08273354172706604j),(0.6966657042503357-0.08273354172706604j),(0.6821847558021545+0.022395679727196693j),(0.6821847558021545-0.022395679727196693j),(-0.46100282669067383+0.07341859489679337j),(-0.46100282669067383-0.07341859489679337j),(-0.4357607662677765+0j),(-0.346691757440567+0.2643618583679199j),(-0.346691757440567-0.2643618583679199j),(-0.09117195755243301+0.4658454954624176j),(-0.09117195755243301-0.4658454954624176j),(0.6260451078414917+0j),(-0.253163605928421+0.3567059636116028j),(-0.253163605928421-0.3567059636116028j),(-0.36549004912376404+0.19651320576667786j),(-0.36549004912376404-0.19651320576667786j),(-0.4104108214378357+0j),(-0.20202772319316864+0.3790215849876404j),(-0.20202772319316864-0.3790215849876404j),(0.5885125994682312+0j),(0.10767215490341187+0.45953235030174255j),(0.10767215490341187-0.45953235030174255j),(-0.1136421263217926+0.4174617826938629j),(-0.1136421263217926-0.4174617826938629j),(0.2567320764064789+0.40345123410224915j),(0.2567320764064789-0.40345123410224915j),(-0.36486274003982544+0.11223385483026505j),(-0.36486274003982544-0.11223385483026505j),(0.5412063002586365+0.17108771204948425j),(0.5412063002586365-0.17108771204948425j),(-0.3099972903728485+0.22047245502471924j),(-0.3099972903728485-0.22047245502471924j),(0.02923750877380371+0.4083791673183441j),(0.02923750877380371-0.4083791673183441j),(0.43670088052749634+0.2426053136587143j),(0.43670088052749634-0.2426053136587143j),(-0.17391547560691833+0.32809197902679443j),(-0.17391547560691833-0.32809197902679443j),(0.4919462502002716+0.1742723435163498j),(0.4919462502002716-0.1742723435163498j),(-0.062415361404418945+0.3681049644947052j),(-0.062415361404418945-0.3681049644947052j),(0.5251045823097229+0.06173612177371979j),(0.5251045823097229-0.06173612177371979j),(-0.32594701647758484+0j),(0.49711844325065613+0j),(-0.2289918065071106+0.2088310271501541j),(-0.2289918065071106-0.2088310271501541j),(0.09556540101766586+0.3487318456172943j),(0.09556540101766586-0.3487318456172943j),(-0.2888793349266052+0j),(0.15305134654045105+0.32258716225624084j),(0.15305134654045105-0.32258716225624084j),(-0.06782804429531097+0.29851505160331726j),(-0.06782804429531097-0.29851505160331726j),(-0.02424115315079689+0.314715713262558j),(-0.02424115315079689-0.314715713262558j),(0.2686251401901245+0.2848822772502899j),(0.2686251401901245-0.2848822772502899j),(-0.24218666553497314+0.10032885521650314j),(-0.24218666553497314-0.10032885521650314j),(-0.18300653994083405+0.183349147439003j),(-0.18300653994083405-0.183349147439003j),(0.36897122859954834+0.20102223753929138j),(0.36897122859954834-0.20102223753929138j),(-0.12388639152050018+0.22734348475933075j),(-0.12388639152050018-0.22734348475933075j),(-0.2254367619752884+0.06051095575094223j),(-0.2254367619752884-0.06051095575094223j),(0.390593945980072+0.14726144075393677j),(0.390593945980072-0.14726144075393677j),(0.2924025356769562+0.22343342006206512j),(0.2924025356769562-0.22343342006206512j),(0.42688292264938354+0.022207705304026604j),(0.42688292264938354-0.022207705304026604j),(0.3999667465686798+0.09592760354280472j),(0.3999667465686798-0.09592760354280472j),(0.4239336848258972+0j),(-0.06192917376756668+0.24170507490634918j),(-0.06192917376756668-0.24170507490634918j),(0.24082069098949432+0.23537811636924744j),(0.24082069098949432-0.23537811636924744j),(0.059623703360557556+0.2723959982395172j),(0.059623703360557556-0.2723959982395172j),(-0.1863371878862381+0j),(0.3522343933582306+0.10816767811775208j),(0.3522343933582306-0.10816767811775208j),(-0.16724447906017303+0.05517369881272316j),(-0.16724447906017303-0.05517369881272316j),(-0.1589650809764862+0j),(-0.13744844496250153+0.09566458314657211j),(-0.13744844496250153-0.09566458314657211j),(-0.011644527316093445+0.2109919935464859j),(-0.011644527316093445-0.2109919935464859j),(0.17001210153102875+0.20618635416030884j),(0.17001210153102875-0.20618635416030884j),(0.2799088656902313+0.11057300120592117j),(0.2799088656902313-0.11057300120592117j),(0.3016960918903351+0j),(-0.033885858952999115+0.12539175152778625j),(-0.033885858952999115-0.12539175152778625j),(0.1744404286146164+0.14339414238929749j),(0.1744404286146164-0.14339414238929749j),(0.033016931265592575+0.15815319120883942j),(0.033016931265592575-0.15815319120883942j),(0.10094639658927917+0.13666528463363647j),(0.10094639658927917-0.13666528463363647j),(0.23633545637130737+0j),(-0.05826972797513008+0j),(0.2779117524623871+0j),(0.07906251400709152+0.11215630918741226j),(0.07906251400709152-0.11215630918741226j),(-0.027508463710546494+0j),(0.17099255323410034+0j),(0.06647123396396637+0j),(0.10029220581054688+0.05154531076550484j),(0.10029220581054688-0.05154531076550484j)
(1.033314824104309+0j),(0.8803679347038269+0.02735733427107334j),(0.8803679347038269-0.02735733427107334j),(0.8608937859535217+0.02115999534726143j),(0.8608937859535217-0.02115999534726143j),(0.8486294150352478+0j),(0.8254271745681763+0.0216855276376009j),(0.8254271745681763-0.0216855276376009j),(0.7866225242614746+0j),(0.7395227551460266+0.0389011949300766j),(0.7395227551460266-0.0389011949300766j),(0.7241736054420471+0.008874308317899704j),(0.7241736054420471-0.008874308317899704j),(0.6764154434204102+0.08874347805976868j),(0.6764154434204102-0.08874347805976868j),(-0.45547932386398315+0.06922402232885361j),(-0.45547932386398315-0.06922402232885361j),(0.6409584879875183+0.0422196090221405j),(0.6409584879875183-0.0422196090221405j),(-0.43258005380630493+0j),(-0.3363851308822632+0.2629832625389099j),(-0.3363851308822632-0.2629832625389099j),(-0.08468972146511078+0.45774272084236145j),(-0.08468972146511078-0.45774272084236145j),(-0.3691886067390442+0.19701164960861206j),(-0.3691886067390442-0.19701164960861206j),(-0.399437814950943+0j),(-0.2465045154094696+0.3552122414112091j),(-0.2465045154094696-0.3552122414112091j),(-0.20999294519424438+0.37769660353660583j),(-0.20999294519424438-0.37769660353660583j),(-0.11188619583845139+0.4333830177783966j),(-0.11188619583845139-0.4333830177783966j),(0.5540742874145508+0.17832449078559875j),(0.5540742874145508-0.17832449078559875j),(0.10955528914928436+0.4521668553352356j),(0.10955528914928436-0.4521668553352356j),(-0.35434219241142273+0.08919160813093185j),(-0.35434219241142273-0.08919160813093185j),(0.24252212047576904+0.3876619338989258j),(0.24252212047576904-0.3876619338989258j),(-0.3083643913269043+0.22125981748104095j),(-0.3083643913269043-0.22125981748104095j),(0.442035973072052+0.2472204566001892j),(0.442035973072052-0.2472204566001892j),(0.4924449026584625+0.16257067024707794j),(0.4924449026584625-0.16257067024707794j),(0.5371115803718567+0.03368891403079033j),(0.5371115803718567-0.03368891403079033j),(0.04210495203733444+0.4016760289669037j),(0.04210495203733444-0.4016760289669037j),(-0.15904098749160767+0.3239929676055908j),(-0.15904098749160767-0.3239929676055908j),(0.5111861824989319+0.039277590811252594j),(0.5111861824989319-0.039277590811252594j),(-0.2361569106578827+0.2172708660364151j),(-0.2361569106578827-0.2172708660364151j),(-0.3103846609592438+0j),(-0.3069905936717987+0j),(-0.056345902383327484+0.330935001373291j),(-0.056345902383327484-0.330935001373291j),(-0.018058350309729576+0.33775418996810913j),(-0.018058350309729576-0.33775418996810913j),(0.15817365050315857+0.33033183217048645j),(0.15817365050315857-0.33033183217048645j),(-0.09822572022676468+0.29980432987213135j),(-0.09822572022676468-0.29980432987213135j),(0.26510605216026306+0.2890479266643524j),(0.26510605216026306-0.2890479266643524j),(0.08853267878293991+0.32657474279403687j),(0.08853267878293991-0.32657474279403687j),(0.3745644986629486+0.19634880125522614j),(0.3745644986629486-0.19634880125522614j),(-0.18296092748641968+0.18231701850891113j),(-0.18296092748641968-0.18231701850891113j),(-0.23760312795639038+0.05249742045998573j),(-0.23760312795639038-0.05249742045998573j),(-0.23067806661128998+0.08329649269580841j),(-0.23067806661128998-0.08329649269580841j),(0.4029093086719513+0.1277368664741516j),(0.4029093086719513-0.1277368664741516j),(0.2942008376121521+0.2261343002319336j),(0.2942008376121521-0.2261343002319336j),(-0.11640838533639908+0.21755321323871613j),(-0.11640838533639908-0.21755321323871613j),(0.37754523754119873+0.11505134403705597j),(0.37754523754119873-0.11505134403705597j),(0.40884271264076233+0.026970824226737022j),(0.40884271264076233-0.026970824226737022j),(0.09789960086345673+0.2695756256580353j),(0.09789960086345673-0.2695756256580353j),(-0.07223568111658096+0.23771221935749054j),(-0.07223568111658096-0.23771221935749054j),(0.3796316087245941+0.07172682136297226j),(0.3796316087245941-0.07172682136297226j),(0.241470068693161+0.21178919076919556j),(0.241470068693161-0.21178919076919556j),(0.17398150265216827+0.22638241946697235j),(0.17398150265216827-0.22638241946697235j),(-0.19792720675468445+0j),(-0.16413868963718414+0.09016838669776917j),(-0.16413868963718414-0.09016838669776917j),(0.32273006439208984+0j),(0.29661500453948975+0.11767865717411041j),(0.29661500453948975-0.11767865717411041j),(0.0176947470754385+0.20102210342884064j),(0.0176947470754385-0.20102210342884064j),(-0.12728294730186462+0.09039603173732758j),(-0.12728294730186462-0.09039603173732758j),(-0.12264985591173172+0j),(-0.008760109543800354+0.13922248780727386j),(-0.008760109543800354-0.13922248780727386j),(-0.036724455654621124+0.12340277433395386j),(-0.036724455654621124-0.12340277433395386j),(0.09330793470144272+0.16253431141376495j),(0.09330793470144272-0.16253431141376495j),(0.17401553690433502+0.12214004248380661j),(0.17401553690433502-0.12214004248380661j),(0.27492526173591614+0j),(0.22151008248329163+0.011421611532568932j),(0.22151008248329163-0.011421611532568932j),(-0.046896737068891525+0j),(-0.03091198205947876+0j),(0.10880452394485474+0.10308671742677689j),(0.10880452394485474-0.10308671742677689j),(0.07374709099531174+0j),(0.09466847032308578+0.05897564813494682j),(0.09466847032308578-0.05897564813494682j)
(1.0456491708755493+0j),(0.9000906348228455+0.025739111006259918j),(0.9000906348228455-0.025739111006259918j),(0.8715305328369141+0j),(0.8584851026535034+0.027078986167907715j),(0.8584851026535034-0.027078986167907715j),(0.843018651008606+0j),(0.8034908175468445+0j),(0.7834609150886536+0.01920148730278015j),(0.7834609150886536-0.01920148730278015j),(0.7591804265975952+0.08150079846382141j),(0.7591804265975952-0.08150079846382141j),(0.6954310536384583+0j),(0.6798849701881409+0.06971397250890732j),(0.6798849701881409-0.06971397250890732j),(0.6608386039733887+0.031907934695482254j),(0.6608386039733887-0.031907934695482254j),(-0.45103803277015686+0.07587651908397675j),(-0.45103803277015686-0.07587651908397675j),(-0.44356977939605713+0j),(-0.37482738494873047+0.19464844465255737j),(-0.37482738494873047-0.19464844465255737j),(-0.07460815459489822+0.44880083203315735j),(-0.07460815459489822-0.44880083203315735j),(-0.32795625925064087+0.2631206810474396j),(-0.32795625925064087-0.2631206810474396j),(-0.2144182026386261+0.37730082869529724j),(-0.2144182026386261-0.37730082869529724j),(-0.24965231120586395+0.35095685720443726j),(-0.24965231120586395-0.35095685720443726j),(0.110320545732975+0.4547189176082611j),(0.110320545732975-0.4547189176082611j),(-0.11428793519735336+0.41573432087898254j),(-0.11428793519735336-0.41573432087898254j),(-0.3809291422367096+0j),(0.5569533705711365+0.1895952671766281j),(0.5569533705711365-0.1895952671766281j),(-0.3084103465080261+0.2216317355632782j),(-0.3084103465080261-0.2216317355632782j),(0.25598281621932983+0.3761671781539917j),(0.25598281621932983-0.3761671781539917j),(0.04409702494740486+0.4111342132091522j),(0.04409702494740486-0.4111342132091522j),(0.589552104473114+0j),(-0.3343298137187958+0.0726824551820755j),(-0.3343298137187958-0.0726824551820755j),(-0.34453314542770386+0j),(0.4507335424423218+0.23221667110919952j),(0.4507335424423218-0.23221667110919952j),(-0.14397047460079193+0.33109021186828613j),(-0.14397047460079193-0.33109021186828613j),(-0.24154140055179596+0.23093320429325104j),(-0.24154140055179596-0.23093320429325104j),(0.5618592500686646+0j),(0.5193790197372437+0.13989150524139404j),(0.5193790197372437-0.13989150524139404j),(-0.3050622045993805+0j),(-0.05789387971162796+0.3353184759616852j),(-0.05789387971162796-0.3353184759616852j),(-0.11194831132888794+0.306222140789032j),(-0.11194831132888794-0.306222140789032j),(0.00039599413867108524+0.330557256937027j),(0.00039599413867108524-0.330557256937027j),(0.16667702794075012+0.32372811436653137j),(0.16667702794075012-0.32372811436653137j),(0.08417335897684097+0.3306896686553955j),(0.08417335897684097-0.3306896686553955j),(0.2588692009449005+0.29259219765663147j),(0.2588692009449005-0.29259219765663147j),(-0.24481633305549622+0.05203843489289284j),(-0.24481633305549622-0.05203843489289284j),(-0.1761235147714615+0.18127359449863434j),(-0.1761235147714615-0.18127359449863434j),(-0.1909053474664688+0j),(-0.22112064063549042+0.07800034433603287j),(-0.22112064063549042-0.07800034433603287j),(0.48268333077430725+0.024731984362006187j),(0.48268333077430725-0.024731984362006187j),(0.45649856328964233+0.10478867590427399j),(0.45649856328964233-0.10478867590427399j),(-0.1293700784444809+0.2059480845928192j),(-0.1293700784444809-0.2059480845928192j),(0.3099130690097809+0.22169223427772522j),(0.3099130690097809-0.22169223427772522j),(0.39820539951324463+0.1290702521800995j),(0.39820539951324463-0.1290702521800995j),(0.42995601892471313+0.07060819119215012j),(0.42995601892471313-0.07060819119215012j),(0.3801552951335907+0.15168707072734833j),(0.3801552951335907-0.15168707072734833j),(0.10097329318523407+0.2754665017127991j),(0.10097329318523407-0.2754665017127991j),(-0.054992835968732834+0.23089253902435303j),(-0.054992835968732834-0.23089253902435303j),(-0.16447414457798004+0.10650217533111572j),(-0.16447414457798004-0.10650217533111572j),(0.17520423233509064+0.21895697712898254j),(0.17520423233509064-0.21895697712898254j),(0.3765242397785187+0.050420474261045456j),(0.3765242397785187-0.050420474261045456j),(-0.1054619774222374+0j),(0.017970232293009758+0.20133954286575317j),(0.017970232293009758-0.20133954286575317j),(0.24185067415237427+0.17372840642929077j),(0.24185067415237427-0.17372840642929077j),(-0.11175301671028137+0.048196062445640564j),(-0.11175301671028137-0.048196062445640564j),(0.2902824580669403+0.11492594331502914j),(0.2902824580669403-0.11492594331502914j),(-0.03516066074371338+0.12822715938091278j),(-0.03516066074371338-0.12822715938091278j),(-0.01646258682012558+0.12123920023441315j),(-0.01646258682012558-0.12123920023441315j),(0.2952297031879425+0.0068841418251395226j),(0.2952297031879425-0.0068841418251395226j),(0.10541092604398727+0.1514182835817337j),(0.10541092604398727-0.1514182835817337j),(0.2393452674150467+0.10369221866130829j),(0.2393452674150467-0.10369221866130829j),(0.10195498168468475+0j),(-0.03506491333246231+0.021490132436156273j),(-0.03506491333246231-0.021490132436156273j),(0.1649770885705948+0.08200345188379288j),(0.1649770885705948-0.08200345188379288j),(0.08940829336643219+0.06631113588809967j),(0.08940829336643219-0.06631113588809967j),(0.11415840685367584+0.08242545276880264j),(0.11415840685367584-0.08242545276880264j)
(1.041461706161499+0j),(0.8917585611343384+0.004400649573653936j),(0.8917585611343384-0.004400649573653936j),(0.8755637407302856+0.042117681354284286j),(0.8755637407302856-0.042117681354284286j),(0.831283450126648+0.03356228023767471j),(0.831283450126648-0.03356228023767471j),(0.7771145105361938+0.04117436334490776j),(0.7771145105361938-0.04117436334490776j),(0.7717077136039734+0j),(0.7556958794593811+0.07220111042261124j),(0.7556958794593811-0.07220111042261124j),(0.7080426812171936+0.037899721413850784j),(0.7080426812171936-0.037899721413850784j),(0.6511565446853638+0.048762835562229156j),(0.6511565446853638-0.048762835562229156j),(0.6553138494491577+0j),(-0.4455988109111786+0j),(-0.4319137930870056+0.07062869518995285j),(-0.4319137930870056-0.07062869518995285j),(0.5584425330162048+0.18981164693832397j),(0.5584425330162048-0.18981164693832397j),(-0.07118360698223114+0.4499463140964508j),(-0.07118360698223114-0.4499463140964508j),(-0.3670915961265564+0.19672268629074097j),(-0.3670915961265564-0.19672268629074097j),(-0.3231004476547241+0.2628154754638672j),(-0.3231004476547241-0.2628154754638672j),(0.12066702544689178+0.4542938768863678j),(0.12066702544689178-0.4542938768863678j),(-0.21528884768486023+0.3667875826358795j),(-0.21528884768486023-0.3667875826358795j),(-0.23770225048065186+0.34626755118370056j),(-0.23770225048065186-0.34626755118370056j),(0.5952460765838623+0.0785902589559555j),(0.5952460765838623-0.0785902589559555j),(-0.11273698508739471+0.4047326445579529j),(-0.11273698508739471-0.4047326445579529j),(0.5730632543563843+0j),(-0.38868314027786255+0j),(0.47209787368774414+0.2257692813873291j),(0.47209787368774414-0.2257692813873291j),(0.5515778064727783+0j),(0.24291113018989563+0.380601704120636j),(0.24291113018989563-0.380601704120636j),(0.5228036642074585+0.1402807980775833j),(0.5228036642074585-0.1402807980775833j),(-0.3035556375980377+0.22132736444473267j),(-0.3035556375980377-0.22132736444473267j),(0.049165673553943634+0.4089641571044922j),(0.049165673553943634-0.4089641571044922j),(-0.33233264088630676+0.09773577749729156j),(-0.33233264088630676-0.09773577749729156j),(-0.13758279383182526+0.32057884335517883j),(-0.13758279383182526-0.32057884335517883j),(-0.21292416751384735+0.2387436181306839j),(-0.21292416751384735-0.2387436181306839j),(0.4665956199169159+0j),(-0.30783000588417053+0.015985913574695587j),(-0.30783000588417053-0.015985913574695587j),(-0.055552419275045395+0.3367139995098114j),(-0.055552419275045395-0.3367139995098114j),(-0.10649412125349045+0.30813854932785034j),(-0.10649412125349045-0.30813854932785034j),(0.23139990866184235+0.3050377070903778j),(0.23139990866184235-0.3050377070903778j),(0.43559473752975464+0.12916328012943268j),(0.43559473752975464-0.12916328012943268j),(-0.0022617825306952+0.3209829330444336j),(-0.0022617825306952-0.3209829330444336j),(0.3372419476509094+0.21808305382728577j),(0.3372419476509094-0.21808305382728577j),(0.17664946615695953+0.3082025945186615j),(0.17664946615695953-0.3082025945186615j),(-0.26908835768699646+0.06080973148345947j),(-0.26908835768699646-0.06080973148345947j),(0.07079824060201645+0.31028664112091064j),(0.07079824060201645-0.31028664112091064j),(0.37437915802001953+0.13982656598091125j),(0.37437915802001953-0.13982656598091125j),(-0.15822234749794006+0.1760789006948471j),(-0.15822234749794006-0.1760789006948471j),(-0.11495597660541534+0.2190518081188202j),(-0.11495597660541534-0.2190518081188202j),(0.4243128299713135+0j),(0.3924839198589325+0.080873504281044j),(0.3924839198589325-0.080873504281044j),(-0.19730499386787415+0.051064833998680115j),(-0.19730499386787415-0.051064833998680115j),(-0.036153268069028854+0.2334074079990387j),(-0.036153268069028854-0.2334074079990387j),(-0.19404850900173187+0j),(-0.16940562427043915+0.1040642186999321j),(-0.16940562427043915-0.1040642186999321j),(0.13370805978775024+0.25465402007102966j),(0.13370805978775024-0.25465402007102966j),(0.21478883922100067+0.21052564680576324j),(0.21478883922100067-0.21052564680576324j),(0.3687477707862854+0.03481428325176239j),(0.3687477707862854-0.03481428325176239j),(0.2745577394962311+0.14570805430412292j),(0.2745577394962311-0.14570805430412292j),(0.026932861655950546+0.22229920327663422j),(0.026932861655950546-0.22229920327663422j),(-0.0933532863855362+0j),(-0.14295679330825806+0.07144372165203094j),(-0.14295679330825806-0.07144372165203094j),(0.32704958319664+0.014247593469917774j),(0.32704958319664-0.014247593469917774j),(0.19877618551254272+0.17592555284500122j),(0.19877618551254272-0.17592555284500122j),(0.2763269245624542+0.07461931556463242j),(0.2763269245624542-0.07461931556463242j),(-0.032400406897068024+0.1301589459180832j),(-0.032400406897068024-0.1301589459180832j),(0.08716312050819397+0.1450326293706894j),(0.08716312050819397-0.1450326293706894j),(-0.011566425673663616+0.10835354775190353j),(-0.011566425673663616-0.10835354775190353j),(0.10220594704151154+0j),(-0.006260738708078861+0.027252573519945145j),(-0.006260738708078861-0.027252573519945145j),(0.11448346823453903+0.09918969869613647j),(0.11448346823453903-0.09918969869613647j),(0.18309880793094635+0.05234529823064804j),(0.18309880793094635-0.05234529823064804j),(0.10061386972665787+0.043536778539419174j),(0.10061386972665787-0.043536778539419174j)
(1.0291775465011597+0j),(0.9240462183952332+0j),(0.8649864196777344+0.022775109857320786j),(0.8649864196777344-0.022775109857320786j),(0.8119393587112427+0.07109977304935455j),(0.8119393587112427-0.07109977304935455j),(0.8458027839660645+0j),(0.8181847333908081+0.024646596983075142j),(0.8181847333908081-0.024646596983075142j),(0.7880323529243469+0.009636963717639446j),(0.7880323529243469-0.009636963717639446j),(0.7382330298423767+0.07138203084468842j),(0.7382330298423767-0.07138203084468842j),(0.7494109272956848+0j),(-0.45013538002967834+0j),(0.6839073896408081+0.014942335896193981j),(0.6839073896408081-0.014942335896193981j),(0.6574873924255371+0.11182928830385208j),(0.6574873924255371-0.11182928830385208j),(-0.42514410614967346+0.06917408853769302j),(-0.42514410614967346-0.06917408853769302j),(-0.32227298617362976+0.26710373163223267j),(-0.32227298617362976-0.26710373163223267j),(-0.36467477679252625+0.19476811587810516j),(-0.36467477679252625-0.19476811587810516j),(-0.06691990792751312+0.4500229060649872j),(-0.06691990792751312-0.4500229060649872j),(-0.23663194477558136+0.34920206665992737j),(-0.23663194477558136-0.34920206665992737j),(-0.2059137225151062+0.36278805136680603j),(-0.2059137225151062-0.36278805136680603j),(0.11871584504842758+0.4481484889984131j),(0.11871584504842758-0.4481484889984131j),(-0.38413453102111816+0j),(-0.11557558923959732+0.40157368779182434j),(-0.11557558923959732-0.40157368779182434j),(0.5628829002380371+0.16841314733028412j),(0.5628829002380371-0.16841314733028412j),(0.6081106662750244+0j),(-0.3012373447418213+0.23078899085521698j),(-0.3012373447418213-0.23078899085521698j),(0.4786790907382965+0.20909729599952698j),(0.4786790907382965-0.20909729599952698j),(0.2279152125120163+0.3797498345375061j),(0.2279152125120163-0.3797498345375061j),(0.5545179843902588+0.07182078808546066j),(0.5545179843902588-0.07182078808546066j),(-0.334286093711853+0.10413289070129395j),(-0.334286093711853-0.10413289070129395j),(0.5337927937507629+0.11685169488191605j),(0.5337927937507629-0.11685169488191605j),(0.060571059584617615+0.4038875997066498j),(0.060571059584617615-0.4038875997066498j),(-0.15613289177417755+0.31818100810050964j),(-0.15613289177417755-0.31818100810050964j),(0.5212722420692444+0j),(-0.3148214817047119+0.014357969164848328j),(-0.3148214817047119-0.014357969164848328j),(-0.20751987397670746+0.24188680946826935j),(-0.20751987397670746-0.24188680946826935j),(-0.05070829764008522+0.33843928575515747j),(-0.05070829764008522-0.33843928575515747j),(0.2474173605442047+0.32128286361694336j),(0.2474173605442047-0.32128286361694336j),(-0.27351000905036926+0.04993123561143875j),(-0.27351000905036926-0.04993123561143875j),(-0.08649849891662598+0.294704407453537j),(-0.08649849891662598-0.294704407453537j),(0.405458003282547+0.1463831067085266j),(0.405458003282547-0.1463831067085266j),(0.008553183637559414+0.3105955719947815j),(0.008553183637559414-0.3105955719947815j),(0.16788555681705475+0.2993052303791046j),(0.16788555681705475-0.2993052303791046j),(0.34450626373291016+0.19751138985157013j),(0.34450626373291016-0.19751138985157013j),(0.4266664981842041+0.03159160166978836j),(0.4266664981842041-0.03159160166978836j),(0.40130797028541565+0.10255017131567001j),(0.40130797028541565-0.10255017131567001j),(-0.19245830178260803+0j),(-0.13043956458568573+0.20987358689308167j),(-0.13043956458568573-0.20987358689308167j),(-0.05741250514984131+0.2458539754152298j),(-0.05741250514984131-0.2458539754152298j),(0.06851254403591156+0.2765031158924103j),(0.06851254403591156-0.2765031158924103j),(0.40595078468322754+0.04717143252491951j),(0.40595078468322754-0.04717143252491951j),(0.037154048681259155+0.24777339398860931j),(0.037154048681259155-0.24777339398860931j),(-0.11432547867298126+0.164449542760849j),(-0.11432547867298126-0.164449542760849j),(-0.189778670668602+0.03909360244870186j),(-0.189778670668602-0.03909360244870186j),(0.3157525956630707+0.17207808792591095j),(0.3157525956630707-0.17207808792591095j),(-0.15529471635818481+0.11033079028129578j),(-0.15529471635818481-0.11033079028129578j),(0.15392202138900757+0.24111680686473846j),(0.15392202138900757-0.24111680686473846j),(-0.16140763461589813+0.07071588188409805j),(-0.16140763461589813-0.07071588188409805j),(0.23555797338485718+0.20041775703430176j),(0.23555797338485718-0.20041775703430176j),(0.3312195837497711+0j),(0.3090997636318207+0.11166884005069733j),(0.3090997636318207-0.11166884005069733j),(0.16436831653118134+0.18439295887947083j),(0.16436831653118134-0.18439295887947083j),(0.26817697286605835+0.08261807262897491j),(0.26817697286605835-0.08261807262897491j),(-0.08794861286878586+0j),(-0.027952400967478752+0.12579655647277832j),(-0.027952400967478752-0.12579655647277832j),(-0.017058389261364937+0.09764354676008224j),(-0.017058389261364937-0.09764354676008224j),(0.1979730874300003+0j),(0.07545116543769836+0.13293132185935974j),(0.07545116543769836-0.13293132185935974j),(0.12368148565292358+0.0977223813533783j),(0.12368148565292358-0.0977223813533783j),(-0.005139584187418222+0.03719712793827057j),(-0.005139584187418222-0.03719712793827057j),(0.17145158350467682+0j),(0.12606221437454224+0.03746532276272774j),(0.12606221437454224-0.03746532276272774j),(0.07845357805490494+0j)
(1.041620135307312+0j),(0.8864758610725403+0j),(0.8718664050102234+0.02677045948803425j),(0.8718664050102234-0.02677045948803425j),(0.8385174870491028+0.017973657697439194j),(0.8385174870491028-0.017973657697439194j),(0.8171674609184265+0.02475605718791485j),(0.8171674609184265-0.02475605718791485j),(0.7685215473175049+0.07595708966255188j),(0.7685215473175049-0.07595708966255188j),(0.7586756348609924+0.03569968417286873j),(0.7586756348609924-0.03569968417286873j),(0.6961805820465088+0.10679464787244797j),(0.6961805820465088-0.10679464787244797j),(0.7429049611091614+0j),(0.7209832668304443+0.01791987754404545j),(0.7209832668304443-0.01791987754404545j),(-0.44688552618026733+0j),(-0.42074835300445557+0.06289650499820709j),(-0.42074835300445557-0.06289650499820709j),(-0.3735053837299347+0.20485125482082367j),(-0.3735053837299347-0.20485125482082367j),(-0.32754114270210266+0.25499477982521057j),(-0.32754114270210266-0.25499477982521057j),(-0.2443622350692749+0.3492523431777954j),(-0.2443622350692749-0.3492523431777954j),(0.6339371204376221+0j),(-0.06314055621623993+0.44516804814338684j),(-0.06314055621623993-0.44516804814338684j),(0.6423301100730896+0.046400535851716995j),(0.6423301100730896-0.046400535851716995j),(-0.19871830940246582+0.3643309772014618j),(-0.19871830940246582-0.3643309772014618j),(-0.10828658193349838+0.40945303440093994j),(-0.10828658193349838-0.40945303440093994j),(-0.29066675901412964+0.2402476966381073j),(-0.29066675901412964-0.2402476966381073j),(0.11336088180541992+0.42215079069137573j),(0.11336088180541992-0.42215079069137573j),(0.25515711307525635+0.38468053936958313j),(0.25515711307525635-0.38468053936958313j),(-0.3528929054737091+0.07881322503089905j),(-0.3528929054737091-0.07881322503089905j),(0.5410754680633545+0.16623172163963318j),(0.5410754680633545-0.16623172163963318j),(0.07175915688276291+0.407146692276001j),(0.07175915688276291-0.407146692276001j),(0.49939480423927307+0.1803739219903946j),(0.49939480423927307-0.1803739219903946j),(-0.3352122902870178+0.024653149768710136j),(-0.3352122902870178-0.024653149768710136j),(0.5258716940879822+0.09541618824005127j),(0.5258716940879822-0.09541618824005127j),(0.5007458925247192+0.12172972410917282j),(0.5007458925247192-0.12172972410917282j),(-0.10987523198127747+0.3201470971107483j),(-0.10987523198127747-0.3201470971107483j),(-0.3048596680164337+0j),(-0.17765380442142487+0.2688814401626587j),(-0.17765380442142487-0.2688814401626587j),(0.5281721353530884+0.0035728835500776768j),(0.5281721353530884-0.0035728835500776768j),(-0.022238261997699738+0.3451148271560669j),(-0.022238261997699738-0.3451148271560669j),(0.2651078701019287+0.3075011372566223j),(0.2651078701019287-0.3075011372566223j),(-0.27994397282600403+0.052574679255485535j),(-0.27994397282600403-0.052574679255485535j),(-0.018400726839900017+0.30048179626464844j),(-0.018400726839900017-0.30048179626464844j),(0.47297969460487366+0j),(0.1866905391216278+0.29557934403419495j),(0.1866905391216278-0.29557934403419495j),(-0.14818687736988068+0.20259977877140045j),(-0.14818687736988068-0.20259977877140045j),(-0.10808704048395157+0.23518112301826477j),(-0.10808704048395157-0.23518112301826477j),(0.0488772951066494+0.29392242431640625j),(0.0488772951066494-0.29392242431640625j),(0.3888079524040222+0.16565760970115662j),(0.3888079524040222-0.16565760970115662j),(-0.18502163887023926+0.12071973085403442j),(-0.18502163887023926-0.12071973085403442j),(-0.2055322527885437+0.024612871930003166j),(-0.2055322527885437-0.024612871930003166j),(0.42232874035835266+0.05814651772379875j),(0.42232874035835266-0.05814651772379875j),(0.35475826263427734+0.14883801341056824j),(0.35475826263427734-0.14883801341056824j),(0.33715564012527466+0.15983165800571442j),(0.33715564012527466-0.15983165800571442j),(0.4044875204563141+0j),(0.2085328847169876+0.239718958735466j),(0.2085328847169876-0.239718958735466j),(-0.098477303981781+0.1897321194410324j),(-0.098477303981781-0.1897321194410324j),(0.2752705216407776+0.19045458734035492j),(0.2752705216407776-0.19045458734035492j),(0.08094567060470581+0.23453503847122192j),(0.08094567060470581-0.23453503847122192j),(0.3824661076068878+0j),(-0.1606983095407486+0j),(-0.08013150095939636+0.1569734811782837j),(-0.08013150095939636-0.1569734811782837j),(0.03173331916332245+0.1951589435338974j),(0.03173331916332245-0.1951589435338974j),(0.29676926136016846+0.1069328710436821j),(0.29676926136016846-0.1069328710436821j),(-0.0487062893807888+0.14220525324344635j),(-0.0487062893807888-0.14220525324344635j),(0.17000027000904083+0.17162835597991943j),(0.17000027000904083-0.17162835597991943j),(-0.0815449133515358+0.07247816771268845j),(-0.0815449133515358-0.07247816771268845j),(0.015995962545275688+0.10706225782632828j),(0.015995962545275688-0.10706225782632828j),(0.10548609495162964+0.11954459547996521j),(0.10548609495162964-0.11954459547996521j),(-0.0218666885048151+0.07515887171030045j),(-0.0218666885048151-0.07515887171030045j),(-0.05220988765358925+0j),(0.21149423718452454+0.07370118796825409j),(0.21149423718452454-0.07370118796825409j),(0.21471449732780457+0.03308485448360443j),(0.21471449732780457-0.03308485448360443j),(0.043257370591163635+0j),(0.15724603831768036+0.044029366225004196j),(0.15724603831768036-0.044029366225004196j)
